# Shader options for Cinematic VanillaV2.
#
# Uncomment a line and change its value to override what the pack's own source declares.
# Everything here is commented out, so this file has no effect until you edit it.
#
# Values are written back into the pack's declaring line when it loads, which is how a
# shader settings screen would apply them.

# Presets the pack ships. Selecting one sets many options at once; anything you
# set explicitly below still wins over it.
#
# profile = LOW
#
# Available: LOW, MEDIUM, HIGH, POSTER

# ---- options ----
# OUTLINES = 2        # one of: 0 1 2
# OUTLINE_BRIGHTNESS = 0.80        # one of: -1.00 -0.75 -0.50 -0.25 0.00 0.25 0.50 0.75 1.00
# OUTLINE_PIXEL_SIZE = 1        # one of: 1 2 4
# ANTI_ALIASING = 2        # one of: 0 1 2 3
# BLOOM_STRENGTH = 0.90        # one of: 0.00 0.10 0.20 0.30 0.40 0.50 0.60 0.70 0.80 0.90 1.00
# BLOOM_RADIUS = 4        # one of: 2 4 6 8
# DOF_STRENGTH = 2        # one of: 1 2 3 4 5
# DOF_FOCAL_DIST = 8.0        # one of: 2.0 4.0 8.0 16.0 32.0
# ABERRATION_PIXEL_SIZE = 2        # one of: 1 2 4
# VIGNETTE_STRENGTH = 0.80        # one of: 0.00 0.25 0.50 0.75 1.00 1.25 1.50
# MOTION_BLUR_STRENGTH = 0.75        # one of: 0.25 0.50 0.75 1.00
# LENS_FLARE_STRENGTH = 0.85        # one of: 0.00 0.25 0.50 0.75 1.00 1.25 1.50
# CONTRAST = 1.06        # one of: 0.80 0.90 1.00 1.05 1.06 1.10 1.15 1.20
# SATURATION = 0.93        # one of: 0.70 0.80 0.90 0.93 1.00 1.10 1.20
# WHITE_POINT = 2.0        # one of: 1.0 1.5 2.0 2.5 3.0
# SHOULDER_STRENGTH = 0.05        # one of: 0.00 0.05 0.10 0.15 0.20
# EXPOSURE = 1.00        # one of: 0.50 0.75 1.00 1.25 1.50
# SHADOW_RESOLUTION = 2048        # one of: 1024 2048 4096
# CONTACT_SHADOW_STEPS = 8        # one of: 4 8 12 16
# CONTACT_SHADOW_RADIUS = 0.4        # one of: 0.1 0.2 0.4 0.6
# sunPathRotation = 30.0        # one of: -60.0 -45.0 -30.0 -15.0 0.0 15.0 30.0 45.0 60.0
# UNDERWATER_CAUSTICS = 1        # one of: 0 1 2
# AMBIENT_LIGHTING = 0.06        # one of: 0.00 0.03 0.06 0.10 0.15 0.20
# RAYTRACER_STEPS = 20        # one of: 16 20 24 32
# RAYTRACER_BISTEPS = 2        # one of: 0 2 4 6
# GOD_RAY_STEPS = 8        # one of: 4 8 12 16
# GOD_RAY_STRENGTH = 0.55        # one of: 0.10 0.25 0.55 0.75 1.00
# SUN_MOON_TYPE = 0        # one of: 0 1 2
# SUN_MOON_INTENSITY = 4        # one of: 0 1 2 3 4 5 6
# VOLUMETRIC_LIGHTING_STRENGTH = 0.50        # one of: 0.00 0.10 0.20 0.30 0.40 0.50 0.60 0.70
# GROUND_FOG_STRENGTH = 0.55        # one of: 0.00 0.10 0.25 0.40 0.55 0.70 0.85 1.00
# SKYBOX_BRIGHTNESS = 1.00        # one of: 0.50 0.75 1.00 1.25 1.50
# CLOUD_TYPE = 2        # one of: 0 1 2
# FADE_SPEED = 0.20        # one of: 0.05 0.10 0.20 0.30 0.40
# SECOND_CLOUD_HEIGHT = 128.0        # one of: 64.0 96.0 128.0 160.0 192.0 256.0
# VOLUMETRIC_CLOUD_STEPS = 16        # one of: 8 16 32 64
# VOLUMETRIC_CLOUD_DEPTH = 8.0        # one of: 4.0 6.0 8.0 10.0 12.0
# SKYBOX_CLOUD_STEPS = 16        # one of: 8 16 32 64
# SKYBOX_CLOUD_DEPTH = 0.08        # one of: 0.02 0.04 0.08 0.12 0.16
# WATER_WAVE_QUALITY = 1        # one of: 0 1 2
# WATER_DEPTH_SCALE = 0.20        # one of: 0.05 0.10 0.20 0.35
# WIND_QUALITY = 1        # one of: 0 1 2
# WIND_SPEED = 1.0        # one of: 0.0 0.5 1.0 1.5 2.0
# WIND_FREQUENCY = 1.0        # one of: 0.5 1.0 1.5 2.0
# SEASONAL_PRESET = 0        # one of: 0 1 2 3 4
# LETTERBOX_STRENGTH = 0.10        # one of: 0.05 0.08 0.10 0.12 0.15 0.20
# WORLD0_VANILLA_FOGCOLI = false        # one of: 0.00 0.05 0.10 0.15 0.20 0.25 0.30 0.35 0.40 0.45 0.50 0.55 0.60 0.65 0.70 0.75 0.80 0.85 0.90 0.95 1.00 1.05 1.10 1.15 1.20 1.25 1.30 1.35 1.40 1.45 1.50 1.55 1.60 1.65 1.70 1.75 1.80 1.85 1.90 1.95 2.00
# FOG0_VERTICAL_DENSITY_D = 0.080        # one of: 0.005 0.010 0.015 0.020 0.025 0.030 0.035 0.040 0.045 0.050 0.055 0.060 0.065 0.070 0.075 0.080 0.085 0.090 0.095 0.100 0.105 0.110 0.115 0.120 0.125 0.130 0.135 0.140 0.145 0.150 0.155 0.160 0.165 0.170 0.175 0.180 0.185 0.190 0.195 0.200 0.205 0.210 0.215 0.220 0.225 0.230 0.235 0.240 0.245 0.250 0.255 0.260 0.265 0.270 0.275 0.280 0.285 0.290 0.295 0.300 0.305 0.310 0.315 0.320 0.325 0.330 0.335 0.340 0.345 0.350 0.355 0.360 0.365 0.370 0.375 0.380 0.385 0.390 0.395 0.40 0.405 0.410 0.415 0.420 0.425 0.430 0.435 0.440 0.445 0.450 0.455 0.460 0.465 0.470 0.475 0.480 0.485 0.490 0.495 0.500
# FOG0_VERTICAL_DENSITY_N = 0.020        # one of: 0.005 0.010 0.015 0.020 0.025 0.030 0.035 0.040 0.045 0.050 0.055 0.060 0.065 0.070 0.075 0.080 0.085 0.090 0.095 0.100 0.105 0.110 0.115 0.120 0.125 0.130 0.135 0.140 0.145 0.150 0.155 0.160 0.165 0.170 0.175 0.180 0.185 0.190 0.195 0.200 0.205 0.210 0.215 0.220 0.225 0.230 0.235 0.240 0.245 0.250 0.255 0.260 0.265 0.270 0.275 0.280 0.285 0.290 0.295 0.300 0.305 0.310 0.315 0.320 0.325 0.330 0.335 0.340 0.345 0.350 0.355 0.360 0.365 0.370 0.375 0.380 0.385 0.390 0.395 0.40 0.405 0.410 0.415 0.420 0.425 0.430 0.435 0.440 0.445 0.450 0.455 0.460 0.465 0.470 0.475 0.480 0.485 0.490 0.495 0.500
# FOG0_VERTICAL_DENSITY_T = 0.040        # one of: 0.005 0.010 0.015 0.020 0.025 0.030 0.035 0.040 0.045 0.050 0.055 0.060 0.065 0.070 0.075 0.080 0.085 0.090 0.095 0.100 0.105 0.110 0.115 0.120 0.125 0.130 0.135 0.140 0.145 0.150 0.155 0.160 0.165 0.170 0.175 0.180 0.185 0.190 0.195 0.200 0.205 0.210 0.215 0.220 0.225 0.230 0.235 0.240 0.245 0.250 0.255 0.260 0.265 0.270 0.275 0.280 0.285 0.290 0.295 0.300 0.305 0.310 0.315 0.320 0.325 0.330 0.335 0.340 0.345 0.350 0.355 0.360 0.365 0.370 0.375 0.380 0.385 0.390 0.395 0.40 0.405 0.410 0.415 0.420 0.425 0.430 0.435 0.440 0.445 0.450 0.455 0.460 0.465 0.470 0.475 0.480 0.485 0.490 0.495 0.500
# FOG0_TOTAL_DENSITY = 0.005        # one of: 0.005 0.010 0.015 0.020 0.025 0.030 0.035 0.040 0.045 0.050 0.055 0.060 0.065 0.070 0.075 0.080 0.085 0.090 0.095 0.100 0.105 0.110 0.115 0.120 0.125 0.130 0.135 0.140 0.145 0.150 0.155 0.160 0.165 0.170 0.175 0.180 0.185 0.190 0.195 0.200 0.205 0.210 0.215 0.220 0.225 0.230 0.235 0.240 0.245 0.250 0.255 0.260 0.265 0.270 0.275 0.280 0.285 0.290 0.295 0.300 0.305 0.310 0.315 0.320 0.325 0.330 0.335 0.340 0.345 0.350 0.355 0.360 0.365 0.370 0.375 0.380 0.385 0.390 0.395 0.40 0.405 0.410 0.415 0.420 0.425 0.430 0.435 0.440 0.445 0.450 0.455 0.460 0.465 0.470 0.475 0.480 0.485 0.490 0.495 0.500
# LIGHT0_DR = 255        # one of: 3 6 9 12 15 18 21 24 27 30 33 36 39 42 45 48 51 54 57 60 63 66 69 72 75 78 81 84 87 90 93 96 99 102 105 108 111 114 117 120 123 126 129 132 135 138 141 144 147 150 153 156 159 162 165 168 171 174 177 180 183 186 189 192 195 198 201 204 207 210 213 216 219 222 225 228 231 234 237 240 243 246 249 252 255
# LIGHT0_DG = 195        # one of: 3 6 9 12 15 18 21 24 27 30 33 36 39 42 45 48 51 54 57 60 63 66 69 72 75 78 81 84 87 90 93 96 99 102 105 108 111 114 117 120 123 126 129 132 135 138 141 144 147 150 153 156 159 162 165 168 171 174 177 180 183 186 189 192 195 198 201 204 207 210 213 216 219 222 225 228 231 234 237 240 243 246 249 252 255
# LIGHT0_DB = 140        # one of: 3 6 9 12 15 18 21 24 27 30 33 36 39 42 45 48 51 54 57 60 63 66 69 72 75 78 81 84 87 90 93 96 99 102 105 108 111 114 117 120 123 126 129 132 135 138 141 144 147 150 153 156 159 162 165 168 171 174 177 180 183 186 189 192 195 198 201 204 207 210 213 216 219 222 225 228 231 234 237 240 243 246 249 252 255
# LIGHT0_DI = 1.35        # one of: 0.00 0.05 0.10 0.15 0.20 0.25 0.30 0.35 0.40 0.45 0.50 0.55 0.60 0.65 0.70 0.75 0.80 0.85 0.90 0.95 1.00 1.05 1.10 1.15 1.20 1.25 1.30 1.35 1.40 1.45 1.50 1.55 1.60 1.65 1.70 1.75 1.80 1.85 1.90 1.95 2.00
# SKY0_DR = 36        # one of: 3 6 9 12 15 18 21 24 27 30 33 36 39 42 45 48 51 54 57 60 63 66 69 72 75 78 81 84 87 90 93 96 99 102 105 108 111 114 117 120 123 126 129 132 135 138 141 144 147 150 153 156 159 162 165 168 171 174 177 180 183 186 189 192 195 198 201 204 207 210 213 216 219 222 225 228 231 234 237 240 243 246 249 252 255
# SKY0_DG = 96        # one of: 3 6 9 12 15 18 21 24 27 30 33 36 39 42 45 48 51 54 57 60 63 66 69 72 75 78 81 84 87 90 93 96 99 102 105 108 111 114 117 120 123 126 129 132 135 138 141 144 147 150 153 156 159 162 165 168 171 174 177 180 183 186 189 192 195 198 201 204 207 210 213 216 219 222 225 228 231 234 237 240 243 246 249 252 255
# SKY0_DB = 180        # one of: 3 6 9 12 15 18 21 24 27 30 33 36 39 42 45 48 51 54 57 60 63 66 69 72 75 78 81 84 87 90 93 96 99 102 105 108 111 114 117 120 123 126 129 132 135 138 141 144 147 150 153 156 159 162 165 168 171 174 177 180 183 186 189 192 195 198 201 204 207 210 213 216 219 222 225 228 231 234 237 240 243 246 249 252 255
# SKY0_DI = 1.35        # one of: 0.00 0.05 0.10 0.15 0.20 0.25 0.30 0.35 0.40 0.45 0.50 0.55 0.60 0.65 0.70 0.75 0.80 0.85 0.90 0.95 1.00 1.05 1.10 1.15 1.20 1.25 1.30 1.35 1.40 1.45 1.50 1.55 1.60 1.65 1.70 1.75 1.80 1.85 1.90 1.95 2.00
# LIGHT0_NR = 42        # one of: 3 6 9 12 15 18 21 24 27 30 33 36 39 42 45 48 51 54 57 60 63 66 69 72 75 78 81 84 87 90 93 96 99 102 105 108 111 114 117 120 123 126 129 132 135 138 141 144 147 150 153 156 159 162 165 168 171 174 177 180 183 186 189 192 195 198 201 204 207 210 213 216 219 222 225 228 231 234 237 240 243 246 249 252 255
# LIGHT0_NG = 108        # one of: 3 6 9 12 15 18 21 24 27 30 33 36 39 42 45 48 51 54 57 60 63 66 69 72 75 78 81 84 87 90 93 96 99 102 105 108 111 114 117 120 123 126 129 132 135 138 141 144 147 150 153 156 159 162 165 168 171 174 177 180 183 186 189 192 195 198 201 204 207 210 213 216 219 222 225 228 231 234 237 240 243 246 249 252 255
# LIGHT0_NB = 162        # one of: 3 6 9 12 15 18 21 24 27 30 33 36 39 42 45 48 51 54 57 60 63 66 69 72 75 78 81 84 87 90 93 96 99 102 105 108 111 114 117 120 123 126 129 132 135 138 141 144 147 150 153 156 159 162 165 168 171 174 177 180 183 186 189 192 195 198 201 204 207 210 213 216 219 222 225 228 231 234 237 240 243 246 249 252 255
# LIGHT0_NI = 1.00        # one of: 0.00 0.05 0.10 0.15 0.20 0.25 0.30 0.35 0.40 0.45 0.50 0.55 0.60 0.65 0.70 0.75 0.80 0.85 0.90 0.95 1.00 1.05 1.10 1.15 1.20 1.25 1.30 1.35 1.40 1.45 1.50 1.55 1.60 1.65 1.70 1.75 1.80 1.85 1.90 1.95 2.00
# SKY0_NR = 3        # one of: 3 6 9 12 15 18 21 24 27 30 33 36 39 42 45 48 51 54 57 60 63 66 69 72 75 78 81 84 87 90 93 96 99 102 105 108 111 114 117 120 123 126 129 132 135 138 141 144 147 150 153 156 159 162 165 168 171 174 177 180 183 186 189 192 195 198 201 204 207 210 213 216 219 222 225 228 231 234 237 240 243 246 249 252 255
# SKY0_NG = 18        # one of: 3 6 9 12 15 18 21 24 27 30 33 36 39 42 45 48 51 54 57 60 63 66 69 72 75 78 81 84 87 90 93 96 99 102 105 108 111 114 117 120 123 126 129 132 135 138 141 144 147 150 153 156 159 162 165 168 171 174 177 180 183 186 189 192 195 198 201 204 207 210 213 216 219 222 225 228 231 234 237 240 243 246 249 252 255
# SKY0_NB = 105        # one of: 3 6 9 12 15 18 21 24 27 30 33 36 39 42 45 48 51 54 57 60 63 66 69 72 75 78 81 84 87 90 93 96 99 102 105 108 111 114 117 120 123 126 129 132 135 138 141 144 147 150 153 156 159 162 165 168 171 174 177 180 183 186 189 192 195 198 201 204 207 210 213 216 219 222 225 228 231 234 237 240 243 246 249 252 255
# SKY0_NI = 0.90        # one of: 0.00 0.05 0.10 0.15 0.20 0.25 0.30 0.35 0.40 0.45 0.50 0.55 0.60 0.65 0.70 0.75 0.80 0.85 0.90 0.95 1.00 1.05 1.10 1.15 1.20 1.25 1.30 1.35 1.40 1.45 1.50 1.55 1.60 1.65 1.70 1.75 1.80 1.85 1.90 1.95 2.00
# LIGHT0_TR = 255        # one of: 3 6 9 12 15 18 21 24 27 30 33 36 39 42 45 48 51 54 57 60 63 66 69 72 75 78 81 84 87 90 93 96 99 102 105 108 111 114 117 120 123 126 129 132 135 138 141 144 147 150 153 156 159 162 165 168 171 174 177 180 183 186 189 192 195 198 201 204 207 210 213 216 219 222 225 228 231 234 237 240 243 246 249 252 255
# LIGHT0_TG = 138        # one of: 3 6 9 12 15 18 21 24 27 30 33 36 39 42 45 48 51 54 57 60 63 66 69 72 75 78 81 84 87 90 93 96 99 102 105 108 111 114 117 120 123 126 129 132 135 138 141 144 147 150 153 156 159 162 165 168 171 174 177 180 183 186 189 192 195 198 201 204 207 210 213 216 219 222 225 228 231 234 237 240 243 246 249 252 255
# LIGHT0_TB = 48        # one of: 3 6 9 12 15 18 21 24 27 30 33 36 39 42 45 48 51 54 57 60 63 66 69 72 75 78 81 84 87 90 93 96 99 102 105 108 111 114 117 120 123 126 129 132 135 138 141 144 147 150 153 156 159 162 165 168 171 174 177 180 183 186 189 192 195 198 201 204 207 210 213 216 219 222 225 228 231 234 237 240 243 246 249 252 255
# LIGHT0_TI = 1.40        # one of: 0.00 0.05 0.10 0.15 0.20 0.25 0.30 0.35 0.40 0.45 0.50 0.55 0.60 0.65 0.70 0.75 0.80 0.85 0.90 0.95 1.00 1.05 1.10 1.15 1.20 1.25 1.30 1.35 1.40 1.45 1.50 1.55 1.60 1.65 1.70 1.75 1.80 1.85 1.90 1.95 2.00
# SKY0_TR = 90        # one of: 3 6 9 12 15 18 21 24 27 30 33 36 39 42 45 48 51 54 57 60 63 66 69 72 75 78 81 84 87 90 93 96 99 102 105 108 111 114 117 120 123 126 129 132 135 138 141 144 147 150 153 156 159 162 165 168 171 174 177 180 183 186 189 192 195 198 201 204 207 210 213 216 219 222 225 228 231 234 237 240 243 246 249 252 255
# SKY0_TG = 42        # one of: 3 6 9 12 15 18 21 24 27 30 33 36 39 42 45 48 51 54 57 60 63 66 69 72 75 78 81 84 87 90 93 96 99 102 105 108 111 114 117 120 123 126 129 132 135 138 141 144 147 150 153 156 159 162 165 168 171 174 177 180 183 186 189 192 195 198 201 204 207 210 213 216 219 222 225 228 231 234 237 240 243 246 249 252 255
# SKY0_TB = 99        # one of: 3 6 9 12 15 18 21 24 27 30 33 36 39 42 45 48 51 54 57 60 63 66 69 72 75 78 81 84 87 90 93 96 99 102 105 108 111 114 117 120 123 126 129 132 135 138 141 144 147 150 153 156 159 162 165 168 171 174 177 180 183 186 189 192 195 198 201 204 207 210 213 216 219 222 225 228 231 234 237 240 243 246 249 252 255
# SKY0_TI = 1.10        # one of: 0.00 0.05 0.10 0.15 0.20 0.25 0.30 0.35 0.40 0.45 0.50 0.55 0.60 0.65 0.70 0.75 0.80 0.85 0.90 0.95 1.00 1.05 1.10 1.15 1.20 1.25 1.30 1.35 1.40 1.45 1.50 1.55 1.60 1.65 1.70 1.75 1.80 1.85 1.90 1.95 2.00
# shadowMapResolution = 1024        # one of: 512 1024 1536 2048 2560 3072 3584 4096 4608 5120 5632 6144 6656 7168 7680 8192
# shadowDistance = 128.0        # one of: 32.0 64.0 96.0 128.0 160.0 192.0 224.0 256.0 288.0 320.0 352.0 384.0 416.0 448.0 480.0 512.0 544.0 576.0 608.0 640.0 672.0 704.0 736.0 768.0 800.0 832.0 864.0 896.0 928.0 960.0 992.0 1024.0
