# Shader options for rethinking-voxels_r0.1-beta9.
#
# Uncomment a line and change its value to override what the pack's own source declares.
# Everything here is commented out, so this file has no effect until you edit it.
#
# Values are written back into the pack's declaring line when it loads, which is how a
# shader settings screen would apply them.

# Presets the pack ships. Selecting one sets many options at once; anything you
# set explicitly below still wins over it.
#
profile = LOW
#
# Available: LOW, MEDIUM, HIGH, VERYHIGH, ULTRA

# ---- options ----
# SHADER_STYLE = 1        # one of: 1 4
# RP_MODE = 1        # one of: 1 0 3 2
# info0 = 0        # one of: 0
# info1 = 0        # one of: 0
# info2 = 0        # one of: 0
# info3 = 0        # one of: 0
# info4 = 0        # one of: 0
# info5 = 0        # one of: 0
# info8 = 0        # one of: 0
# info9 = 0        # one of: 0
# info10 = 0        # one of: 0
# SHADOW_QUALITY = 2        # one of: -1 0 1 2 3 4 5
# shadowDistance = 128.0        # range: 64.0 80.0 96.0 112.0 128.0 160.0 192.0 224.0 256.0 320.0 384.0 512.0 768.0 1024.0
# LIGHTSHAFT_QUALI_DEFINE = 2        # one of: 0 1 2 3 4
# ENTITY_SHADOWS_DEFINE = -1        # one of: -1 1
# DETAIL_QUALITY = 2        # one of: 0 2 3
# CLOUD_QUALITY = 2        # one of: 0 1 2 3
# WATER_REFLECT_QUALITY = 2        # one of: -1 0 1 2
# BLOCK_REFLECT_QUALITY = 3        # one of: 0 1 2 3
# FXAA_DEFINE = 1        # one of: -1 1
# SSAO_QUALI_DEFINE = 2        # one of: 0 2 3
# ANISOTROPIC_FILTER = 0        # one of: 0 4 8 16
# RAIN_PUDDLES = 0        # one of: 0 1 2 3 4
# SPECIAL_PORTAL_EFFECTS = true        # true or false
# GENERATED_NORMALS = false        # true or false
# COATED_TEXTURES = false        # true or false
# GENERATED_NORMAL_MULT = 100        # range: 25 30 35 40 45 50 55 60 65 70 75 80 85 90 95 100 110 120 130 140 150 160 170 180 190 200 250 300 400
# COATED_TEXTURE_MULT = 100        # range: 25 30 35 40 45 50 55 60 65 70 75 80 85 90 95 100 110 120 130 140 150 160 170 180 190 200
# ENTITY_GN_AND_CT = true        # true or false
# GLOWING_ORE_MASTER = 1        # one of: 0 1 2
# GLOWING_ORE_MULT = 1.00        # range: 0.15 0.20 0.25 0.30 0.35 0.40 0.45 0.50 0.55 0.60 0.65 0.70 0.75 0.80 0.85 0.90 0.95 1.00 1.10 1.20 1.30 1.40 1.50 1.60 1.70 1.80 1.90 2.00
# GLOWING_ORE_IRON = true        # true or false
# GLOWING_ORE_GOLD = true        # true or false
# GLOWING_ORE_COPPER = true        # true or false
# GLOWING_ORE_REDSTONE = true        # true or false
# GLOWING_ORE_LAPIS = true        # true or false
# GLOWING_ORE_EMERALD = true        # true or false
# GLOWING_ORE_DIAMOND = true        # true or false
# GLOWING_ORE_NETHERQUARTZ = true        # true or false
# GLOWING_ORE_NETHERGOLD = true        # true or false
# GLOWING_ORE_GILDEDBLACKSTONE = true        # true or false
# GLOWING_ORE_ANCIENTDEBRIS = true        # true or false
# GLOWING_ORE_MODDED = true        # true or false
# GLOWING_AMETHYST = 1        # one of: 0 1 2
# GLOWING_LICHEN = 1        # one of: 0 1 2
# EMISSIVE_REDSTONE_BLOCK = false        # true or false
# EMISSIVE_LAPIS_BLOCK = false        # true or false
# EMISSIVE_EMERALD_BLOCK = false        # true or false
# GLOWING_ARMOR_TRIM = false        # true or false
# IPBR_EMISSIVE_MODE = 1        # one of: 1 3 2
# IPBR_PARTICLE_FEATURES = true        # true or false
# IPBR_COMPATIBILITY_MODE = false        # true or false
# FANCY_GLASS = false        # true or false
# GREEN_SCREEN_LIME = false        # true or false
# NORMAL_MAP_STRENGTH = 100        # range: 0 10 15 20 30 40 60 80 100 120 140 160 180 200
# CUSTOM_EMISSION_INTENSITY = 100        # range: 0 5 7 10 15 20 25 30 35 40 45 50 60 70 80 90 100 110 120 130 140 150 160 170 180 190 200 225 250
# POM = true        # true or false
# POM_DEPTH = 0.80        # range: 0.25 0.30 0.35 0.40 0.45 0.50 0.55 0.60 0.65 0.70 0.75 0.80 0.85 0.90 0.95 1.00 1.05 1.10 1.15 1.20 1.25 1.30 1.35 1.40 1.45 1.50 1.55 1.60 1.65 1.70 1.75 1.80 1.85 1.90 1.95 2.00
# POM_QUALITY = 128        # range: 16 32 64 128 256 512
# POM_DISTANCE = 32        # range: 16 24 32 48 64 128 256 512 1024
# POM_LIGHTING_MODE = 2        # one of: 1 2
# POM_ALLOW_CUTOUT = false        # true or false
# DIRECTIONAL_BLOCKLIGHT = 0        # one of: 0 3 7 11
# WATER_STYLE_DEFINE = -1        # one of: -1 1 2 3
# WATER_CAUSTIC_STYLE_DEFINE = -1        # one of: -1 1 3
# WATERCOLOR_MODE = 3        # one of: 3 2 0
# BRIGHT_CAVE_WATER = true        # true or false
# WATER_ALPHA_MULT = 100        # range: 25 30 35 40 45 50 55 60 65 70 75 80 85 90 95 100 110 120 130 140 150 160 170 180 190 200 220 240 260 280 300 325 350 375 400 425 450 475 500 550 600 650 700 750 800 850 900
# WATER_FOG_MULT = 100        # range: 25 30 35 40 45 50 55 60 65 70 75 80 85 90 95 100 110 120 130 140 150 160 170 180 190 200 220 240 260 280 300 325 350 375 400 425 450 475 500 550 600 650 700 750 800 850 900
# WATER_FOAM_I = 100        # range: 0 25 30 35 40 45 50 55 60 65 70 75 80 85 90 95 100 110 120 130 140 150
# WATER_REFRACTION_INTENSITY = 2.0        # range: 0.0 0.2 0.4 0.6 0.8 1.0 1.2 1.4 1.6 1.8 2.0 2.2 2.4 2.6 2.8 3.0
# WAVING_WATER_VERTEX = true        # true or false
# WATERCOLOR_R = 100        # range: 25 30 35 40 45 50 55 60 65 70 75 80 85 90 95 100 110 120 130 140 150 160 170 180 190 200 220 240 260 280 300
# WATERCOLOR_G = 100        # range: 25 30 35 40 45 50 55 60 65 70 75 80 85 90 95 100 110 120 130 140 150 160 170 180 190 200 220 240 260 280 300
# WATERCOLOR_B = 100        # range: 25 30 35 40 45 50 55 60 65 70 75 80 85 90 95 100 110 120 130 140 150 160 170 180 190 200 220 240 260 280 300
# UNDERWATERCOLOR_R = 100        # range: 25 30 35 40 45 50 55 60 65 70 75 80 85 90 95 100 110 120 130 140 150
# UNDERWATERCOLOR_G = 100        # range: 25 30 35 40 45 50 55 60 65 70 75 80 85 90 95 100 110 120 130 140 150
# UNDERWATERCOLOR_B = 100        # range: 25 30 35 40 45 50 55 60 65 70 75 80 85 90 95 100 110 120 130 140 150
# WATER_BUMPINESS = 1.25        # range: 0.05 0.10 0.15 0.20 0.25 0.30 0.40 0.50 0.65 0.80 1.00 1.25 1.50 2.00 2.50
# WATER_BUMP_SMALL = 0.75        # range: 0.05 0.10 0.15 0.20 0.25 0.30 0.35 0.40 0.45 0.50 0.55 0.60 0.65 0.70 0.75 0.80 0.85 0.90 0.95 1.00 1.10 1.20 1.30 1.40 1.50 1.60 1.70 1.80 1.90 2.00 2.20 2.40 2.60 2.80 3.00 3.25 3.50 3.75 4.00 4.50 5.00
# WATER_BUMP_MED = 1.70        # range: 0.05 0.10 0.15 0.20 0.25 0.30 0.35 0.40 0.45 0.50 0.55 0.60 0.65 0.70 0.75 0.80 0.85 0.90 0.95 1.00 1.10 1.20 1.30 1.40 1.50 1.60 1.70 1.80 1.90 2.00 2.20 2.40 2.60 2.80 3.00 3.25 3.50 3.75 4.00 4.50 5.00
# WATER_BUMP_BIG = 2.00        # range: 0.05 0.10 0.15 0.20 0.25 0.30 0.35 0.40 0.45 0.50 0.55 0.60 0.65 0.70 0.75 0.80 0.85 0.90 0.95 1.00 1.10 1.20 1.30 1.40 1.50 1.60 1.70 1.80 1.90 2.00 2.20 2.40 2.60 2.80 3.00 3.25 3.50 3.75 4.00 4.50 5.00
# WATER_SPEED_MULT = 1.10        # range: 0.00 0.05 0.10 0.15 0.20 0.25 0.30 0.35 0.40 0.45 0.50 0.55 0.60 0.65 0.70 0.75 0.80 0.85 0.90 0.95 1.00 1.05 1.10 1.15 1.20 1.25 1.30 1.35 1.40 1.45 1.50 1.55 1.60 1.65 1.70 1.75 1.80 1.85 1.90 1.95 2.00 2.20 2.40 2.60 2.80 3.00 3.25 3.50 3.75 4.00 4.50 5.00
# WATER_SIZE_MULT = 100        # range: 25 30 35 40 45 50 55 60 65 70 75 80 85 90 95 100 110 120 130 140 150 160 170 180 190 200 220 240 260 280 300
# WAVING_FOLIAGE = true        # true or false
# WAVING_LEAVES = true        # true or false
# WAVING_LAVA = true        # true or false
# WAVING_LILY_PAD = true        # true or false
# WAVING_RAIN = true        # true or false
# WAVING_SPEED = 1.00        # range: 0.00 0.05 0.10 0.15 0.20 0.25 0.30 0.35 0.40 0.45 0.50 0.55 0.60 0.65 0.70 0.75 0.80 0.85 0.90 0.95 1.00 1.05 1.10 1.15 1.20 1.25 1.30 1.35 1.40 1.45 1.50 1.55 1.60 1.65 1.70 1.75 1.80 1.85 1.90 1.95 2.00 2.20 2.40 2.60 2.80 3.00 3.25 3.50 3.75 4.00 4.50 5.00
# WAVING_I = 1.00        # range: 0.25 0.50 0.75 1.00 1.25 1.50 1.75 2.00 50.0
# NO_WAVING_INDOORS = true        # true or false
# WAVING_I_RAIN_MULT = 100        # range: 25 50 75 100 125 150 175 200
# BLOOM = true        # true or false
# BLOOM_STRENGTH = 0.12        # range: 0.027 0.036 0.045 0.054 0.063 0.072 0.081 0.09 0.10 0.11 0.12 0.13 0.14 0.15 0.16 0.17 0.18 0.19 0.21 0.23 0.25 0.28 0.32 10.00
# VIGNETTE_R = true        # true or false
# IMAGE_SHARPENING = 5        # range: 0 1 2 3 4 5 6 7 8 9 10
# UNDERWATER_DISTORTION = true        # true or false
# CHROMA_ABERRATION = 0        # range: 0 1 2 3 4 5 6 7 8
# MOTION_BLURRING = false        # true or false
# MOTION_BLURRING_STRENGTH = 1.00        # range: 0.15 0.20 0.25 0.30 0.35 0.40 0.45 0.50 0.55 0.60 0.65 0.70 0.75 0.80 0.85 0.90 0.95 1.00 1.05 1.10 1.15 1.20 1.25 1.30 1.35 1.40 1.45 1.50 1.55 1.60 1.65 1.70 1.75 1.80 1.85 1.90 1.95 2.00
# LENSFLARE_MODE = 0        # one of: 0 1 2
# LENSFLARE_I = 1.00        # range: 0.05 0.10 0.15 0.20 0.25 0.30 0.35 0.40 0.45 0.50 0.55 0.60 0.65 0.70 0.75 0.80 0.85 0.90 0.95 1.00 1.10 1.20 1.30 1.40 1.50 1.60 1.70 1.80 1.90 2.00 2.20 2.40 2.60 2.80 3.00 3.25 3.50 3.75 4.00 4.25 4.50 4.75 5.00
# TAA_MODE = 1        # one of: 1 2 0
# DISTANT_LIGHT_BOKEH = true        # true or false
# T_EXPOSURE = 1.40        # range: 0.70 0.75 0.80 0.85 0.90 0.95 1.00 1.05 1.10 1.15 1.20 1.25 1.30 1.35 1.40 1.45 1.50 1.55 1.60 1.65 1.70 1.75 1.80 1.85 1.90 1.95 2.00 2.10 2.20 2.30 2.40 2.50 2.60 2.70 2.80
# TM_WHITE_CURVE = 2.0        # range: 1.0 1.1 1.2 1.3 1.4 1.5 1.6 1.7 1.8 1.9 2.0 2.1 2.2 2.3 2.4 2.5 2.6 2.7 2.8 2.9 3.0
# T_UPPER_CURVE = 1.30        # range: 0.40 0.45 0.50 0.55 0.60 0.65 0.70 0.75 0.80 0.85 0.90 0.95 1.00 1.05 1.10 1.15 1.20 1.25 1.30 1.35 1.40 1.45 1.50 1.55 1.60 1.65 1.70 1.75 1.80 1.85 1.90 1.95 2.00
# T_LOWER_CURVE = 1.10        # range: 0.40 0.45 0.50 0.55 0.60 0.65 0.70 0.75 0.80 0.85 0.90 0.95 1.00 1.05 1.10 1.15 1.20 1.25 1.30 1.35 1.40 1.45 1.50 1.55 1.60 1.65 1.70 1.75 1.80 1.85 1.90 1.95 2.00
# T_SATURATION = 1.00        # range: 0.00 0.05 0.10 0.15 0.20 0.25 0.30 0.35 0.40 0.45 0.50 0.55 0.60 0.65 0.70 0.75 0.80 0.85 0.90 0.95 1.00 1.05 1.10 1.15 1.20 1.25 1.30 1.35 1.40 1.45 1.50 1.55 1.60 1.65 1.70 1.75 1.80 1.85 1.90 1.95 2.00
# T_VIBRANCE = 1.00        # range: 0.00 0.05 0.10 0.15 0.20 0.25 0.30 0.35 0.40 0.45 0.50 0.55 0.60 0.65 0.70 0.75 0.80 0.85 0.90 0.95 1.00 1.05 1.10 1.15 1.20 1.25 1.30 1.35 1.40 1.45 1.50 1.55 1.60 1.65 1.70 1.75 1.80 1.85 1.90 1.95 2.00
# COLORGRADING = false        # true or false
# GR_RR = 100        # range: 0 4 8 12 16 20 24 28 32 36 40 44 48 52 56 60 64 68 72 76 80 84 88 92 96 100 108 116 124 132 140 148 156 164 172 180 188 196 200 212 224 236 248 260 272 284 296 300 316 332 348 364 380 396 400 424 448 472 496 500
# GR_GR = 0        # range: 0 4 8 12 16 20 24 28 32 36 40 44 48 52 56 60 64 68 72 76 80 84 88 92 96 100 108 116 124 132 140 148 156 164 172 180 188 196 200 212 224 236 248 260 272 284 296 300 316 332 348 364 380 396 400 424 448 472 496 500
# GR_RG = 0        # range: 0 4 8 12 16 20 24 28 32 36 40 44 48 52 56 60 64 68 72 76 80 84 88 92 96 100 108 116 124 132 140 148 156 164 172 180 188 196 200 212 224 236 248 260 272 284 296 300 316 332 348 364 380 396 400 424 448 472 496 500
# GR_GG = 100        # range: 0 4 8 12 16 20 24 28 32 36 40 44 48 52 56 60 64 68 72 76 80 84 88 92 96 100 108 116 124 132 140 148 156 164 172 180 188 196 200 212 224 236 248 260 272 284 296 300 316 332 348 364 380 396 400 424 448 472 496 500
# GR_RB = 0        # range: 0 4 8 12 16 20 24 28 32 36 40 44 48 52 56 60 64 68 72 76 80 84 88 92 96 100 108 116 124 132 140 148 156 164 172 180 188 196 200 212 224 236 248 260 272 284 296 300 316 332 348 364 380 396 400 424 448 472 496 500
# GR_GB = 0        # range: 0 4 8 12 16 20 24 28 32 36 40 44 48 52 56 60 64 68 72 76 80 84 88 92 96 100 108 116 124 132 140 148 156 164 172 180 188 196 200 212 224 236 248 260 272 284 296 300 316 332 348 364 380 396 400 424 448 472 496 500
# GR_BR = 0        # range: 0 4 8 12 16 20 24 28 32 36 40 44 48 52 56 60 64 68 72 76 80 84 88 92 96 100 108 116 124 132 140 148 156 164 172 180 188 196 200 212 224 236 248 260 272 284 296 300 316 332 348 364 380 396 400 424 448 472 496 500
# GR_RC = 1.00        # range: 0.05 0.10 0.15 0.20 0.25 0.30 0.35 0.40 0.45 0.50 0.55 0.60 0.65 0.70 0.75 0.80 0.85 0.90 0.95 1.00 1.10 1.20 1.30 1.40 1.50 1.60 1.70 1.80 1.90 2.00 2.20 2.40 2.60 2.80 3.00 3.25 3.50 3.75 4.00 4.50 5.00
# GR_BG = 0        # range: 0 4 8 12 16 20 24 28 32 36 40 44 48 52 56 60 64 68 72 76 80 84 88 92 96 100 108 116 124 132 140 148 156 164 172 180 188 196 200 212 224 236 248 260 272 284 296 300 316 332 348 364 380 396 400 424 448 472 496 500
# GR_GC = 1.00        # range: 0.05 0.10 0.15 0.20 0.25 0.30 0.35 0.40 0.45 0.50 0.55 0.60 0.65 0.70 0.75 0.80 0.85 0.90 0.95 1.00 1.10 1.20 1.30 1.40 1.50 1.60 1.70 1.80 1.90 2.00 2.20 2.40 2.60 2.80 3.00 3.25 3.50 3.75 4.00 4.50 5.00
# GR_BB = 100        # range: 0 4 8 12 16 20 24 28 32 36 40 44 48 52 56 60 64 68 72 76 80 84 88 92 96 100 108 116 124 132 140 148 156 164 172 180 188 196 200 212 224 236 248 260 272 284 296 300 316 332 348 364 380 396 400 424 448 472 496 500
# GR_BC = 1.00        # range: 0.05 0.10 0.15 0.20 0.25 0.30 0.35 0.40 0.45 0.50 0.55 0.60 0.65 0.70 0.75 0.80 0.85 0.90 0.95 1.00 1.10 1.20 1.30 1.40 1.50 1.60 1.70 1.80 1.90 2.00 2.20 2.40 2.60 2.80 3.00 3.25 3.50 3.75 4.00 4.50 5.00
# WORLD_BLUR = 0        # one of: 0 1 2
# WB_FOV_SCALED = false        # true or false
# WB_CHROMATIC = false        # true or false
# WB_ANAMORPHIC = false        # true or false
# WB_DOF_I = 64.0        # range: 1.0 1.5 2.0 3.0 4.5 6.0 9.0 12.0 18.0 24.0 32.0 48.0 64.0 96.0 128.0 192.0 256.0 384.0 512.0 768.0 1024.0 1536.0 2048.0 3072.0 4096.0
# WB_DOF_FOCUS = 0        # range: -1 0 1 2 3 4 6 8 10 12 14 16 18 20 22 24 26 28 30 32 34 36 38 40 42 44 46 48 50 52 54 56 58 60 62 65 67 69 72 74 76 79 81 83 86 88 91 94 96 99 102 104 107 110 113 115 118 121 124 127 130 133 136 140 143 146 149 153 156 160 163 167 170 174 178 182 185 189 193 197 201 206 210 214 219 223 227 232 237 242 246 251 256 261 267 272 277 283 288 294 300 306 312 318 324 330 337 344 350 357 364 371 379 386 394 402 410 418 427 435 444 453 462 472 481 491 501 512 530 550 575 600 625 650 675 700 725 750 800 850 900
# WB_DB_DAY_I = 64.0        # range: 1.0 1.5 2.0 3.0 4.5 6.0 9.0 12.0 18.0 24.0 32.0 48.0 64.0 96.0 128.0 192.0 256.0 384.0 512.0 768.0 1024.0 1536.0 2048.0 3072.0 4096.0
# WB_DB_NIGHT_I = 64.0        # range: 1.0 1.5 2.0 3.0 4.5 6.0 9.0 12.0 18.0 24.0 32.0 48.0 64.0 96.0 128.0 192.0 256.0 384.0 512.0 768.0 1024.0 1536.0 2048.0 3072.0 4096.0
# WB_DB_RAIN_I = 64.0        # range: 1.0 1.5 2.0 3.0 4.5 6.0 9.0 12.0 18.0 24.0 32.0 48.0 64.0 96.0 128.0 192.0 256.0 384.0 512.0 768.0 1024.0 1536.0 2048.0 3072.0 4096.0
# WB_DB_WATER_I = 64.0        # range: 1.0 1.5 2.0 3.0 4.5 6.0 9.0 12.0 18.0 24.0 32.0 48.0 64.0 96.0 128.0 192.0 256.0 384.0 512.0 768.0 1024.0 1536.0 2048.0 3072.0 4096.0
# WB_DB_NETHER_I = 64.0        # range: 1.0 1.5 2.0 3.0 4.5 6.0 9.0 12.0 18.0 24.0 32.0 48.0 64.0 96.0 128.0 192.0 256.0 384.0 512.0 768.0 1024.0 1536.0 2048.0 3072.0 4096.0
# WB_DB_END_I = 64.0        # range: 1.0 1.5 2.0 3.0 4.5 6.0 9.0 12.0 18.0 24.0 32.0 48.0 64.0 96.0 128.0 192.0 256.0 384.0 512.0 768.0 1024.0 1536.0 2048.0 3072.0 4096.0
# AURORA_STYLE_DEFINE = -1        # one of: -1 0 1 2
# AURORA_CONDITION = 3        # one of: 0 1 2 3 4
# NIGHT_NEBULA = false        # true or false
# NIGHT_NEBULA_I = 100        # range: 25 30 35 40 45 50 55 60 65 70 75 80 85 90 95 100 110 120 130 140 150 160 170 180 190 200 220 240 260 280 300
# NIGHT_STAR_AMOUNT = 2        # one of: 2 3
# RAINBOWS = 1        # one of: 0 1 3
# CLOUD_STYLE_DEFINE = -1        # one of: -1 0 1 3 50
# CLOUD_ALT1 = 192        # range: -96 -92 -88 -84 -80 -76 -72 -68 -64 -60 -56 -52 -48 -44 -40 -36 -32 -28 -24 -20 -16 -10 -8 -4 0 4 8 12 16 20 22 24 28 32 36 40 44 48 52 56 60 64 68 72 76 80 84 88 92 96 100 104 108 112 116 120 124 128 132 136 140 144 148 152 156 160 164 168 172 176 180 184 188 192 196 200 204 208 212 216 220 224 228 232 236 240 244 248 252 256 260 264 268 272 276 280 284 288 292 296 300 304 308 312 316 320 324 328 332 336 340 344 348 352 356 360 364 368 372 376 380 384 388 392 396 400 404 408 412 416 420 424 428 432 436 440 444 448 452 456 460 464 468 472 476 480 484 488 492 496 500 510 520 530 540 550 560 570 580 590 600 610 620 630 640 650 660 670 680 690 700 710 720 730 740 750 760 770 780 790 800
# CLOUD_SPEED_MULT = 100        # range: 0 5 7 10 15 20 25 30 35 40 45 50 55 60 65 70 75 80 85 90 95 100 110 120 130 140 150 160 170 180 190 200 220 240 260 280 300 325 350 375 400 425 450 475 500 550 600 650 700 750 800 850 900
# CLOUD_CLOSED_AREA_CHECK = true        # true or false
# CLOUD_SHADOWS = false        # true or false
# CLOUD_R = 100        # range: 25 30 35 40 45 50 55 60 65 70 75 80 85 90 95 100 110 120 130 140 150 160 170 180 190 200 220 240 260 280 300
# CLOUD_G = 100        # range: 25 30 35 40 45 50 55 60 65 70 75 80 85 90 95 100 110 120 130 140 150 160 170 180 190 200 220 240 260 280 300
# CLOUD_B = 100        # range: 25 30 35 40 45 50 55 60 65 70 75 80 85 90 95 100 110 120 130 140 150 160 170 180 190 200 220 240 260 280 300
# CLOUD_UNBOUND_AMOUNT = 1.00        # range: 0.70 0.71 0.72 0.73 0.74 0.75 0.76 0.77 0.78 0.79 0.80 0.81 0.82 0.83 0.84 0.85 0.86 0.87 0.88 0.89 0.90 0.91 0.92 0.93 0.94 0.95 0.96 0.97 0.98 0.99 1.00 1.02 1.04 1.06 1.08 1.10 1.12 1.14 1.16 1.18 1.20 1.22 1.24 1.26 1.28 1.30 1.32 1.34 1.36 1.38 1.40 1.42 1.44 1.46 1.48 1.50 1.55 1.60 1.65 1.70 1.75 1.80 1.85 1.90 1.95 2.00 2.10 2.20 2.30 2.40 2.50 2.60 2.70 2.80 2.90 3.00
# CLOUD_UNBOUND_SIZE_MULT = 100        # range: 25 30 35 40 45 50 55 60 65 70 75 80 85 90 95 100 110 120 130 140 150 160 170 180 190 200 220 240 260 280 300
# CLOUD_UNBOUND_RAIN_ADD = 0.40        # range: 0.00 0.05 0.06 0.07 0.08 0.09 0.10 0.12 0.14 0.16 0.18 0.22 0.26 0.30 0.35 0.40 0.45 0.50 0.55 0.60 0.65 0.70 0.75 0.80 0.85 0.90 0.95 1.00 1.05 1.10 1.15 1.20 1.25 1.30 1.35 1.40 1.45 1.50
# DOUBLE_REIM_CLOUDS = false        # true or false
# CLOUD_ALT2 = 288        # range: -96 -92 -88 -84 -80 -76 -72 -68 -64 -60 -56 -52 -48 -44 -40 -36 -32 -28 -24 -20 -16 -10 -8 -4 0 4 8 12 16 20 22 24 28 32 36 40 44 48 52 56 60 64 68 72 76 80 84 88 92 96 100 104 108 112 116 120 124 128 132 136 140 144 148 152 156 160 164 168 172 176 180 184 188 192 196 200 204 208 212 216 220 224 228 232 236 240 244 248 252 256 260 264 268 272 276 280 284 288 292 296 300 304 308 312 316 320 324 328 332 336 340 344 348 352 356 360 364 368 372 376 380 384 388 392 396 400 404 408 412 416 420 424 428 432 436 440 444 448 452 456 460 464 468 472 476 480 484 488 492 496 500 510 520 530 540 550 560 570 580 590 600 610 620 630 640 650 660 670 680 690 700 710 720 730 740 750 760 770 780 790 800
# BORDER_FOG = true        # true or false
# CAVE_FOG = true        # true or false
# ATM_FOG_MULT = 0.95        # range: 0.50 0.65 0.80 0.95
# ATM_FOG_DISTANCE = 100        # range: 10 15 20 25 30 35 40 45 50 55 60 65 70 75 80 85 90 95 100 110 120 130 140 150 160 170 180 190 200 220 240 260 280 300
# ATM_FOG_ALTITUDE = 63        # range: 0 5 10 15 20 25 30 35 40 45 50 52 54 56 58 60 61 62 63 64 65 66 67 68 69 70 72 74 76 78 80 85 90 95 100 105 110 115 120 125 130 135 140 145 150 155 160 165 170 175 180 185 190 195 200 210 220 230 240 250 260 270 280 290 300
# LIGHTSHAFT_BEHAVIOUR = 1        # one of: 0 1 2 3
# SPECIAL_PALE_GARDEN_LIGHTSHAFTS = true        # true or false
# LIGHTSHAFT_SMOKE = false        # true or false
# LIGHTSHAFT_DAY_I = 100        # range: 1 3 5 7 10 15 20 25 30 35 40 45 50 55 60 65 70 75 80 85 90 95 100 110 120 130 140 150 160 170 180 190 200
# LIGHTSHAFT_NIGHT_I = 100        # range: 1 3 5 7 10 15 20 25 30 35 40 45 50 55 60 65 70 75 80 85 90 95 100 110 120 130 140 150 160 170 180 190 200
# LIGHTSHAFT_RAIN_I = 100        # range: 1 3 5 7 10 15 20 25 30 35 40 45 50 55 60 65 70 75 80 85 90 95 100 110 120 130 140 150 160 170 180 190 200
# SUN_MOON_STYLE_DEFINE = -1        # one of: -1 1 2 3
# SUN_ANGLE = -1        # range: -1 0 -20 -30 -40 -50 -60 60 50 40 30 20
# SUN_MOON_HORIZON = true        # true or false
# SUN_MOON_DURING_RAIN = true        # true or false
# NETHER_VIEW_LIMIT = 256.0        # range: 96.0 112.0 128.0 160.0 192.0 224.0 256.0 320.0 384.0 512.0 768.0 1024.0 99999.0
# NETHER_COLOR_MODE = 3        # one of: 3 2 0
# NETHER_STORM = true        # true or false
# NETHER_STORM_I = 0.40        # range: 0.05 0.06 0.07 0.08 0.09 0.10 0.12 0.14 0.16 0.18 0.22 0.26 0.30 0.35 0.40 0.45 0.50 0.55 0.60 0.65 0.70 0.75 0.80 0.85 0.90 0.95 1.00 1.05 1.10 1.15 1.20 1.25 1.30 1.35 1.40 1.45 1.50
# NETHER_STORM_LOWER_ALT = 28        # range: -296 -292 -288 -284 -280 -276 -272 -268 -264 -260 -256 -252 -248 -244 -240 -236 -232 -228 -224 -220 -216 -212 -208 -204 -200 -196 -192 -188 -184 -180 -176 -172 -168 -164 -160 -156 -152 -148 -144 -140 -136 -132 -128 -124 -120 -116 -112 -108 -104 -100 -96 -92 -88 -84 -80 -76 -72 -68 -64 -60 -56 -52 -48 -44 -40 -36 -32 -28 -24 -20 -16 -12 -8 -4 0 4 8 12 16 20 22 24 28 32 36 40 44 48 52 56 60 64 68 72 76 80 84 88 92 96 100 104 108 112 116 120 124 128 132 136 140 144 148 152 156 160 164 168 172 176 180 184 188 192 196 200 204 208 212 216 220 224 228 232 236 240 244 248 252 256 260 264 268 272 276 280 284 288 292 296 300
# NETHER_STORM_HEIGHT = 200        # range: 25 30 35 40 45 50 55 60 65 70 75 80 85 90 95 100 110 120 130 140 150 160 170 180 190 200 220 240 260 280 300 325 350 375 400 425 450 475 500 550 600 650 700 750 800 850 900
# RAIN_STYLE = 1        # one of: 1 2
# SPECIAL_BIOME_WEATHER = true        # true or false
# WEATHER_TEX_OPACITY = 100        # range: 25 30 35 40 45 50 55 60 65 70 75 80 85 90 95 100 110 120 130 140 150 160 170 180 190 200 220 240 260 280 300 325 350 375 400 425 450 475 500 550 600 650 700 750 800 850 900
# ATM_COLOR_MULTS = false        # true or false
# ATM_MORNING_R = 1.00        # range: 0.50 0.55 0.60 0.65 0.70 0.75 0.80 0.85 0.90 0.95 1.00 1.10 1.20 1.30 1.40 1.50 1.60 1.70 1.80 1.90 2.00
# ATM_MORNING_G = 1.00        # range: 0.50 0.55 0.60 0.65 0.70 0.75 0.80 0.85 0.90 0.95 1.00 1.10 1.20 1.30 1.40 1.50 1.60 1.70 1.80 1.90 2.00
# ATM_MORNING_B = 1.00        # range: 0.50 0.55 0.60 0.65 0.70 0.75 0.80 0.85 0.90 0.95 1.00 1.10 1.20 1.30 1.40 1.50 1.60 1.70 1.80 1.90 2.00
# ATM_MORNING_I = 1.00        # range: 0.50 0.55 0.60 0.65 0.70 0.75 0.80 0.85 0.90 0.95 1.00 1.10 1.20 1.30 1.40 1.50 1.60 1.70 1.80 1.90 2.00
# ATM_NOON_R = 1.00        # range: 0.50 0.55 0.60 0.65 0.70 0.75 0.80 0.85 0.90 0.95 1.00 1.10 1.20 1.30 1.40 1.50 1.60 1.70 1.80 1.90 2.00
# ATM_NOON_G = 1.00        # range: 0.50 0.55 0.60 0.65 0.70 0.75 0.80 0.85 0.90 0.95 1.00 1.10 1.20 1.30 1.40 1.50 1.60 1.70 1.80 1.90 2.00
# ATM_NOON_B = 1.00        # range: 0.50 0.55 0.60 0.65 0.70 0.75 0.80 0.85 0.90 0.95 1.00 1.10 1.20 1.30 1.40 1.50 1.60 1.70 1.80 1.90 2.00
# ATM_NOON_I = 1.00        # range: 0.50 0.55 0.60 0.65 0.70 0.75 0.80 0.85 0.90 0.95 1.00 1.10 1.20 1.30 1.40 1.50 1.60 1.70 1.80 1.90 2.00
# ATM_NIGHT_R = 1.00        # range: 0.50 0.55 0.60 0.65 0.70 0.75 0.80 0.85 0.90 0.95 1.00 1.10 1.20 1.30 1.40 1.50 1.60 1.70 1.80 1.90 2.00
# ATM_NIGHT_G = 1.00        # range: 0.50 0.55 0.60 0.65 0.70 0.75 0.80 0.85 0.90 0.95 1.00 1.10 1.20 1.30 1.40 1.50 1.60 1.70 1.80 1.90 2.00
# ATM_NIGHT_B = 1.00        # range: 0.50 0.55 0.60 0.65 0.70 0.75 0.80 0.85 0.90 0.95 1.00 1.10 1.20 1.30 1.40 1.50 1.60 1.70 1.80 1.90 2.00
# ATM_NIGHT_I = 1.00        # range: 0.01 0.03 0.05 0.07 0.10 0.15 0.20 0.25 0.30 0.35 0.40 0.45 0.50 0.55 0.60 0.65 0.70 0.75 0.80 0.85 0.90 0.95 1.00 1.10 1.20 1.30 1.40 1.50 1.60 1.70 1.80 1.90 2.00
# ATM_RAIN_R = 1.00        # range: 0.50 0.55 0.60 0.65 0.70 0.75 0.80 0.85 0.90 0.95 1.00 1.10 1.20 1.30 1.40 1.50 1.60 1.70 1.80 1.90 2.00
# ATM_RAIN_G = 1.00        # range: 0.50 0.55 0.60 0.65 0.70 0.75 0.80 0.85 0.90 0.95 1.00 1.10 1.20 1.30 1.40 1.50 1.60 1.70 1.80 1.90 2.00
# ATM_RAIN_B = 1.00        # range: 0.50 0.55 0.60 0.65 0.70 0.75 0.80 0.85 0.90 0.95 1.00 1.10 1.20 1.30 1.40 1.50 1.60 1.70 1.80 1.90 2.00
# ATM_RAIN_I = 1.00        # range: 0.50 0.55 0.60 0.65 0.70 0.75 0.80 0.85 0.90 0.95 1.00 1.10 1.20 1.30 1.40 1.50 1.60 1.70 1.80 1.90 2.00
# ATM_NETHER_R = 1.00        # range: 0.50 0.55 0.60 0.65 0.70 0.75 0.80 0.85 0.90 0.95 1.00 1.10 1.20 1.30 1.40 1.50 1.60 1.70 1.80 1.90 2.00
# ATM_NETHER_G = 1.00        # range: 0.50 0.55 0.60 0.65 0.70 0.75 0.80 0.85 0.90 0.95 1.00 1.10 1.20 1.30 1.40 1.50 1.60 1.70 1.80 1.90 2.00
# ATM_NETHER_B = 1.00        # range: 0.50 0.55 0.60 0.65 0.70 0.75 0.80 0.85 0.90 0.95 1.00 1.10 1.20 1.30 1.40 1.50 1.60 1.70 1.80 1.90 2.00
# ATM_NETHER_I = 1.00        # range: 0.01 0.03 0.05 0.07 0.10 0.15 0.20 0.25 0.30 0.35 0.40 0.45 0.50 0.55 0.60 0.65 0.70 0.75 0.80 0.85 0.90 0.95 1.00 1.10 1.20 1.30 1.40 1.50 1.60 1.70 1.80 1.90 2.00
# ATM_END_R = 1.00        # range: 0.50 0.55 0.60 0.65 0.70 0.75 0.80 0.85 0.90 0.95 1.00 1.10 1.20 1.30 1.40 1.50 1.60 1.70 1.80 1.90 2.00
# ATM_END_G = 1.00        # range: 0.50 0.55 0.60 0.65 0.70 0.75 0.80 0.85 0.90 0.95 1.00 1.10 1.20 1.30 1.40 1.50 1.60 1.70 1.80 1.90 2.00
# ATM_END_B = 1.00        # range: 0.50 0.55 0.60 0.65 0.70 0.75 0.80 0.85 0.90 0.95 1.00 1.10 1.20 1.30 1.40 1.50 1.60 1.70 1.80 1.90 2.00
# ATM_END_I = 1.00        # range: 0.01 0.03 0.05 0.07 0.10 0.15 0.20 0.25 0.30 0.35 0.40 0.45 0.50 0.55 0.60 0.65 0.70 0.75 0.80 0.85 0.90 0.95 1.00 1.10 1.20 1.30 1.40 1.50 1.60 1.70 1.80 1.90 2.00
# AMBIENT_MULT = 100        # range: 50 55 60 65 70 75 80 85 90 95 100 110 120 130 140 150 160 170 180 190 200
# SHADOW_SMOOTHING = 4        # range: 1 2 3 4
# CAVE_LIGHTING = 100        # range: 0 5 7 10 15 20 25 30 35 40 45 50 55 60 65 70 75 80 85 90 95 100 110 120 130 140 150 160 170 180 190 200 220 240 260 280 300 325 350 375 400 425 450 475 500 550 600 650 700 750 800 850 900 950 1000 1100 1200 1300 1400 1500 1600
# HELD_LIGHTING_MODE = 0        # one of: 0 1 2
# BLOCKLIGHT_FLICKERING = 0        # range: 0 2 3 4 5 6 7 8 9 10
# SSAO_I = 100        # range: 0 25 30 35 40 45 50 55 60 65 70 75 80 85 90 95 100 110 120 130 140 150 160 170 180 190 200 220 240 260 280 300
# VANILLAAO_I = 100        # range: 0 25 30 35 40 45 50 55 60 65 70 75 80 85 90 95 100 110 120 130 140 150 160 170 180 190 200 220 240 260 280 300
# PLAYER_SHADOW = 1        # one of: -1 1
# LIGHT_COLOR_MULTS = false        # true or false
# LIGHT_MORNING_R = 1.00        # range: 0.50 0.55 0.60 0.65 0.70 0.75 0.80 0.85 0.90 0.95 1.00 1.10 1.20 1.30 1.40 1.50 1.60 1.70 1.80 1.90 2.00
# LIGHT_MORNING_G = 1.00        # range: 0.50 0.55 0.60 0.65 0.70 0.75 0.80 0.85 0.90 0.95 1.00 1.10 1.20 1.30 1.40 1.50 1.60 1.70 1.80 1.90 2.00
# LIGHT_MORNING_B = 1.00        # range: 0.50 0.55 0.60 0.65 0.70 0.75 0.80 0.85 0.90 0.95 1.00 1.10 1.20 1.30 1.40 1.50 1.60 1.70 1.80 1.90 2.00
# LIGHT_MORNING_I = 1.00        # range: 0.50 0.55 0.60 0.65 0.70 0.75 0.80 0.85 0.90 0.95 1.00 1.10 1.20 1.30 1.40 1.50 1.60 1.70 1.80 1.90 2.00
# LIGHT_NOON_R = 1.00        # range: 0.50 0.55 0.60 0.65 0.70 0.75 0.80 0.85 0.90 0.95 1.00 1.10 1.20 1.30 1.40 1.50 1.60 1.70 1.80 1.90 2.00
# LIGHT_NOON_G = 1.00        # range: 0.50 0.55 0.60 0.65 0.70 0.75 0.80 0.85 0.90 0.95 1.00 1.10 1.20 1.30 1.40 1.50 1.60 1.70 1.80 1.90 2.00
# LIGHT_NOON_B = 1.00        # range: 0.50 0.55 0.60 0.65 0.70 0.75 0.80 0.85 0.90 0.95 1.00 1.10 1.20 1.30 1.40 1.50 1.60 1.70 1.80 1.90 2.00
# LIGHT_NOON_I = 1.00        # range: 0.50 0.55 0.60 0.65 0.70 0.75 0.80 0.85 0.90 0.95 1.00 1.10 1.20 1.30 1.40 1.50 1.60 1.70 1.80 1.90 2.00
# LIGHT_NIGHT_R = 1.00        # range: 0.50 0.55 0.60 0.65 0.70 0.75 0.80 0.85 0.90 0.95 1.00 1.10 1.20 1.30 1.40 1.50 1.60 1.70 1.80 1.90 2.00
# LIGHT_NIGHT_G = 1.00        # range: 0.50 0.55 0.60 0.65 0.70 0.75 0.80 0.85 0.90 0.95 1.00 1.10 1.20 1.30 1.40 1.50 1.60 1.70 1.80 1.90 2.00
# LIGHT_NIGHT_B = 1.00        # range: 0.50 0.55 0.60 0.65 0.70 0.75 0.80 0.85 0.90 0.95 1.00 1.10 1.20 1.30 1.40 1.50 1.60 1.70 1.80 1.90 2.00
# LIGHT_NIGHT_I = 1.00        # range: 0.01 0.03 0.05 0.07 0.10 0.15 0.20 0.25 0.30 0.35 0.40 0.45 0.50 0.55 0.60 0.65 0.70 0.75 0.80 0.85 0.90 0.95 1.00 1.10 1.20 1.30 1.40 1.50 1.60 1.70 1.80 1.90 2.00
# LIGHT_RAIN_R = 1.00        # range: 0.50 0.55 0.60 0.65 0.70 0.75 0.80 0.85 0.90 0.95 1.00 1.10 1.20 1.30 1.40 1.50 1.60 1.70 1.80 1.90 2.00
# LIGHT_RAIN_G = 1.00        # range: 0.50 0.55 0.60 0.65 0.70 0.75 0.80 0.85 0.90 0.95 1.00 1.10 1.20 1.30 1.40 1.50 1.60 1.70 1.80 1.90 2.00
# LIGHT_RAIN_B = 1.00        # range: 0.50 0.55 0.60 0.65 0.70 0.75 0.80 0.85 0.90 0.95 1.00 1.10 1.20 1.30 1.40 1.50 1.60 1.70 1.80 1.90 2.00
# LIGHT_RAIN_I = 1.00        # range: 0.50 0.55 0.60 0.65 0.70 0.75 0.80 0.85 0.90 0.95 1.00 1.10 1.20 1.30 1.40 1.50 1.60 1.70 1.80 1.90 2.00
# LIGHT_NETHER_R = 1.00        # range: 0.50 0.55 0.60 0.65 0.70 0.75 0.80 0.85 0.90 0.95 1.00 1.10 1.20 1.30 1.40 1.50 1.60 1.70 1.80 1.90 2.00
# LIGHT_NETHER_G = 1.00        # range: 0.50 0.55 0.60 0.65 0.70 0.75 0.80 0.85 0.90 0.95 1.00 1.10 1.20 1.30 1.40 1.50 1.60 1.70 1.80 1.90 2.00
# LIGHT_NETHER_B = 1.00        # range: 0.50 0.55 0.60 0.65 0.70 0.75 0.80 0.85 0.90 0.95 1.00 1.10 1.20 1.30 1.40 1.50 1.60 1.70 1.80 1.90 2.00
# LIGHT_NETHER_I = 1.00        # range: 0.01 0.03 0.05 0.07 0.10 0.15 0.20 0.25 0.30 0.35 0.40 0.45 0.50 0.55 0.60 0.65 0.70 0.75 0.80 0.85 0.90 0.95 1.00 1.10 1.20 1.30 1.40 1.50 1.60 1.70 1.80 1.90 2.00
# LIGHT_END_R = 1.00        # range: 0.50 0.55 0.60 0.65 0.70 0.75 0.80 0.85 0.90 0.95 1.00 1.10 1.20 1.30 1.40 1.50 1.60 1.70 1.80 1.90 2.00
# LIGHT_END_G = 1.00        # range: 0.50 0.55 0.60 0.65 0.70 0.75 0.80 0.85 0.90 0.95 1.00 1.10 1.20 1.30 1.40 1.50 1.60 1.70 1.80 1.90 2.00
# LIGHT_END_B = 1.00        # range: 0.50 0.55 0.60 0.65 0.70 0.75 0.80 0.85 0.90 0.95 1.00 1.10 1.20 1.30 1.40 1.50 1.60 1.70 1.80 1.90 2.00
# LIGHT_END_I = 1.00        # range: 0.01 0.03 0.05 0.07 0.10 0.15 0.20 0.25 0.30 0.35 0.40 0.45 0.50 0.55 0.60 0.65 0.70 0.75 0.80 0.85 0.90 0.95 1.00 1.10 1.20 1.30 1.40 1.50 1.60 1.70 1.80 1.90 2.00
# XLIGHT_R = 1.00        # range: 0.01 0.03 0.05 0.07 0.10 0.15 0.20 0.25 0.30 0.35 0.40 0.45 0.50 0.55 0.60 0.65 0.70 0.75 0.80 0.85 0.90 0.95 1.00 1.10 1.20 1.30 1.40 1.50 1.60 1.70 1.80 1.90 2.00
# XLIGHT_G = 1.00        # range: 0.01 0.03 0.05 0.07 0.10 0.15 0.20 0.25 0.30 0.35 0.40 0.45 0.50 0.55 0.60 0.65 0.70 0.75 0.80 0.85 0.90 0.95 1.00 1.10 1.20 1.30 1.40 1.50 1.60 1.70 1.80 1.90 2.00
# XLIGHT_B = 1.00        # range: 0.01 0.03 0.05 0.07 0.10 0.15 0.20 0.25 0.30 0.35 0.40 0.45 0.50 0.55 0.60 0.65 0.70 0.75 0.80 0.85 0.90 0.95 1.00 1.10 1.20 1.30 1.40 1.50 1.60 1.70 1.80 1.90 2.00
# XLIGHT_I = 1.00        # range: 0.01 0.03 0.05 0.07 0.10 0.15 0.20 0.25 0.30 0.35 0.40 0.45 0.50 0.55 0.60 0.65 0.70 0.75 0.80 0.85 0.90 0.95 1.00 1.10 1.20 1.30 1.40 1.50 1.60 1.70 1.80 1.90 2.00
# PIXELATED_SHADOWS = false        # true or false
# PIXELATED_BLOCKLIGHT = false        # true or false
# PIXELATED_AO = false        # true or false
# PIXEL_SCALE = 1        # range: -2 -1 1 2 3 4 5
# TEXTURE_RES = 16        # range: 1 2 4 8 16 32 64 128 256
# SHOW_LIGHT_LEVEL = 0        # one of: 0 1 2 3
# REDUCE_CLOSE_PARTICLES = false        # true or false
# LESS_LAVA_FOG = false        # true or false
# SNOWY_WORLD = false        # true or false
# HAND_SWAYING = 0        # one of: 0 1 2 3
# COLOR_CODED_PROGRAMS = false        # true or false
# GLOWING_COLORED_PARTICLES = false        # true or false
# SELECT_OUTLINE = 1        # one of: 0 1 3 4 2
# SELECT_OUTLINE_I = 1.00        # range: 0.00 0.05 0.10 0.15 0.20 0.25 0.30 0.35 0.40 0.45 0.50 0.55 0.60 0.65 0.70 0.75 0.80 0.85 0.90 0.95 1.00 1.05 1.10 1.15 1.20 1.25 1.30 1.35 1.40 1.45 1.50 1.55 1.60 1.65 1.70 1.75 1.80 1.85 1.90 1.95 2.00 2.20 2.40 2.60 2.80 3.00 3.25 3.50 3.75 4.00 4.50 5.00
# SELECT_OUTLINE_R = 1.35        # range: 0.00 0.05 0.10 0.15 0.20 0.25 0.30 0.35 0.40 0.45 0.50 0.55 0.60 0.65 0.70 0.75 0.80 0.85 0.90 0.95 1.00 1.05 1.10 1.15 1.20 1.25 1.30 1.35 1.40 1.45 1.50 1.55 1.60 1.65 1.70 1.75 1.80 1.85 1.90 1.95 2.00
# SELECT_OUTLINE_G = 0.35        # range: 0.00 0.05 0.10 0.15 0.20 0.25 0.30 0.35 0.40 0.45 0.50 0.55 0.60 0.65 0.70 0.75 0.80 0.85 0.90 0.95 1.00 1.05 1.10 1.15 1.20 1.25 1.30 1.35 1.40 1.45 1.50 1.55 1.60 1.65 1.70 1.75 1.80 1.85 1.90 1.95 2.00
# SELECT_OUTLINE_B = 1.75        # range: 0.00 0.05 0.10 0.15 0.20 0.25 0.30 0.35 0.40 0.45 0.50 0.55 0.60 0.65 0.70 0.75 0.80 0.85 0.90 0.95 1.00 1.05 1.10 1.15 1.20 1.25 1.30 1.35 1.40 1.45 1.50 1.55 1.60 1.65 1.70 1.75 1.80 1.85 1.90 1.95 2.00
# SELECT_OUTLINE_AUTO_HIDE = false        # true or false
# WORLD_OUTLINE = false        # true or false
# WORLD_OUTLINE_THICKNESS = 1        # range: 1 2 3 4
# WORLD_OUTLINE_I = 1.50        # range: 0.50 0.55 0.60 0.65 0.70 0.75 0.80 0.85 0.90 0.95 1.00 1.10 1.20 1.30 1.40 1.50 1.60 1.70 1.80 1.90 2.00 2.20 2.40 2.60 2.80 3.00 3.25 3.50 3.75 4.00
# WORLD_OUTLINE_ON_ENTITIES = true        # true or false
# DARK_OUTLINE = false        # true or false
# DARK_OUTLINE_THICKNESS = 1        # one of: 1 2
# MOON_PHASE_INF_LIGHT = false        # true or false
# MOON_PHASE_INF_ATMOSPHERE = false        # true or false
# MOON_PHASE_INF_REFLECTION = true        # true or false
# MOON_PHASE_FULL = 1.00        # range: 0.01 0.03 0.05 0.07 0.10 0.15 0.20 0.25 0.30 0.35 0.40 0.45 0.50 0.55 0.60 0.65 0.70 0.75 0.80 0.85 0.90 0.95 1.00 1.10 1.20 1.30 1.40 1.50 1.60 1.70 1.80 1.90 2.00
# MOON_PHASE_PARTIAL = 0.85        # range: 0.01 0.03 0.05 0.07 0.10 0.15 0.20 0.25 0.30 0.35 0.40 0.45 0.50 0.55 0.60 0.65 0.70 0.75 0.80 0.85 0.90 0.95 1.00 1.10 1.20 1.30 1.40 1.50 1.60 1.70 1.80 1.90 2.00
# MOON_PHASE_DARK = 0.60        # range: 0.01 0.03 0.05 0.07 0.10 0.15 0.20 0.25 0.30 0.35 0.40 0.45 0.50 0.55 0.60 0.65 0.70 0.75 0.80 0.85 0.90 0.95 1.00 1.10 1.20 1.30 1.40 1.50 1.60 1.70 1.80 1.90 2.00
# COLORED_LIGHT_FOG = true        # true or false
# COLORED_LIGHT_FOG_I = 0.65        # range: 0.15 0.20 0.25 0.30 0.35 0.40 0.45 0.50 0.55 0.60 0.65 0.70 0.75 0.80 0.85 0.90 0.95 1.00 1.05 1.10 1.15 1.20 1.25 1.30 1.35 1.40 1.45 1.50
# CONNECTED_GLASS_EFFECT = true        # true or false
# PORTAL_EDGE_EFFECT = true        # true or false
# PUDDLE_VOXELIZATION = true        # true or false
# LIGHT_COLOR_SATURATION = 0.5        # range: 0.0 0.1 0.2 0.3 0.4 0.5 0.6 0.7 0.8 0.9 1.0
# PER_PIXEL_LIGHT = true        # true or false
# BLOCKLIGHT_RESOLUTION = 3        # range: 10 8 6 4 3 2 1
# GI_STRENGTH = 1        # one of: 0 1 2
# GI_AMBIENT_MIN = 0.50        # range: 0 0.05 0.10 0.15 0.20 0.25 0.30 0.35 0.40 0.45 0.50 0.55 0.60 0.65 0.70 0.75 0.80 0.85 0.90 0.95 1.00
# LIGHTSOURCE_SIZE_MULT = 0.6        # range: 0.0 0.1 0.2 0.3 0.4 0.5 0.6 0.7 0.8 0.9 1.0
# VOXEL_RT_REFLECTIONS = true        # true or false
# BLOCKLIGHT_HIGHLIGHT = true        # true or false
# R2_FALLOFF = 1        # one of: 0 1
# VX_VOL_SIZE = 1        # range: 0 1 2 3
# VOXEL_DETAIL_AMOUNT = 6        # range: 1 2 3 4 5 6 7 8
# ENTITY_VOXELIZATION = true        # true or false
# PLAYER_VOXELIZATION = true        # true or false
# FOLIAGE_VOXELIZATION = false        # true or false
# SDF_UPDATE_INTERVAL = 2        # one of: 0 1 2 3 4 5 6 8 10 13 16 20
# MAX_TRACE_COUNT = 32        # range: 1 2 4 8 16 24 32 48 64 96 128 192 256
# RT_STEPS = 70        # range: 30 50 70 100
# LIGHT_TRACE_LENGTH = 30.0        # range: 10.0 12.0 15.0 18.0 22.0 26.0 30.0 35.0 40.0 47.0 55.0 65.0 76.0 88.0 100.0
# TRANSLUCENT_LIGHT_TINT = true        # true or false
# GI_SAMPLE_COUNT = 7        # range: 1 3 7 13
# DIRECTION_UPDATING_CONETRACE = false        # true or false
# VBL_NETHER_MULT = 1.0        # range: 0.1 0.2 0.3 0.4 0.5 0.6 0.8 1.0 1.2 1.5 1.8 2.2 2.6 3.0 3.5 4.0 4.7 5.5 6.4 8.2 9.0 10.0
# VBL_END_MULT = 1.0        # range: 0.1 0.2 0.3 0.4 0.5 0.6 0.8 1.0 1.2 1.5 1.8 2.2 2.6 3.0 3.5 4.0 4.7 5.5 6.4 8.2 9.0 10.0
# FRACTAL_GALAXY = 0        # one of: 0 1 2 3
# SLANTED_BLOCK_EDGES = false        # true or false
# INTERACTIVE_WATER = true        # true or false
# WATER_BUMP_INTERACTIVE = 1.00        # range: 0.05 0.10 0.15 0.20 0.25 0.30 0.35 0.40 0.45 0.50 0.55 0.60 0.65 0.70 0.75 0.80 0.85 0.90 0.95 1.00 1.10 1.20 1.30 1.40 1.50 1.60 1.70 1.80 1.90 2.00 2.20 2.40 2.60 2.80 3.00 3.25 3.50 3.75 4.00 4.50 5.00
# HARDCODED_ALLAY_COL = true        # true or false
# BRIGHTNESS_ALLAY = 11        # range: 0 1 2 3 4 5 6 7 8 9 10 11 12 13 14 15 16 17 18 19 20 21 22 23 24 25 26 27 28 29 30
# ALLAY_COL_R = 0.05        # range: 0.05 0.1 0.15 0.2 0.25 0.3 0.35 0.4 0.45 0.5 0.55 0.6 0.65 0.7 0.75 0.8 0.85 0.9 0.95 1.0
# ALLAY_COL_G = 0.8        # range: 0.05 0.1 0.15 0.2 0.25 0.3 0.35 0.4 0.45 0.5 0.55 0.6 0.65 0.7 0.75 0.8 0.85 0.9 0.95 1.0
# ALLAY_COL_B = 0.9        # range: 0.05 0.1 0.15 0.2 0.25 0.3 0.35 0.4 0.45 0.5 0.55 0.6 0.65 0.7 0.75 0.8 0.85 0.9 0.95 1.0
# HARDCODED_AMETHYST_COL = true        # true or false
# BRIGHTNESS_AMETHYST = 10        # range: 0 1 2 3 4 5 6 7 8 9 10 11 12 13 14 15 16 17 18 19 20 21 22 23 24 25 26 27 28 29 30
# AMETHYST_COL_R = 0.75        # range: 0.05 0.1 0.15 0.2 0.25 0.3 0.35 0.4 0.45 0.5 0.55 0.6 0.65 0.7 0.75 0.8 0.85 0.9 0.95 1.0
# AMETHYST_COL_G = 0.45        # range: 0.05 0.1 0.15 0.2 0.25 0.3 0.35 0.4 0.45 0.5 0.55 0.6 0.65 0.7 0.75 0.8 0.85 0.9 0.95 1.0
# AMETHYST_COL_B = 1.0        # range: 0.05 0.1 0.15 0.2 0.25 0.3 0.35 0.4 0.45 0.5 0.55 0.6 0.65 0.7 0.75 0.8 0.85 0.9 0.95 1.0
# HARDCODED_BEACON_COL = true        # true or false
# BRIGHTNESS_BEACON = 24        # range: 0 1 2 3 4 5 6 7 8 9 10 11 12 13 14 15 16 17 18 19 20 21 22 23 24 25 26 27 28 29 30
# BEACON_COL_R = 0.35        # range: 0.05 0.1 0.15 0.2 0.25 0.3 0.35 0.4 0.45 0.5 0.55 0.6 0.65 0.7 0.75 0.8 0.85 0.9 0.95 1.0
# BEACON_COL_G = 1.0        # range: 0.05 0.1 0.15 0.2 0.25 0.3 0.35 0.4 0.45 0.5 0.55 0.6 0.65 0.7 0.75 0.8 0.85 0.9 0.95 1.0
# BEACON_COL_B = 0.95        # range: 0.05 0.1 0.15 0.2 0.25 0.3 0.35 0.4 0.45 0.5 0.55 0.6 0.65 0.7 0.75 0.8 0.85 0.9 0.95 1.0
# HARDCODED_BERRY_COL = true        # true or false
# BRIGHTNESS_BERRY = 15        # range: 0 1 2 3 4 5 6 7 8 9 10 11 12 13 14 15 16 17 18 19 20 21 22 23 24 25 26 27 28 29 30
# BERRY_COL_R = 0.75        # range: 0.05 0.1 0.15 0.2 0.25 0.3 0.35 0.4 0.45 0.5 0.55 0.6 0.65 0.7 0.75 0.8 0.85 0.9 0.95 1.0
# BERRY_COL_G = 0.4        # range: 0.05 0.1 0.15 0.2 0.25 0.3 0.35 0.4 0.45 0.5 0.55 0.6 0.65 0.7 0.75 0.8 0.85 0.9 0.95 1.0
# BERRY_COL_B = 0.1        # range: 0.05 0.1 0.15 0.2 0.25 0.3 0.35 0.4 0.45 0.5 0.55 0.6 0.65 0.7 0.75 0.8 0.85 0.9 0.95 1.0
# HARDCODED_BLAZE_COL = true        # true or false
# BRIGHTNESS_BLAZE = 15        # range: 0 1 2 3 4 5 6 7 8 9 10 11 12 13 14 15 16 17 18 19 20 21 22 23 24 25 26 27 28 29 30
# BLAZE_COL_R = 0.9        # range: 0.05 0.1 0.15 0.2 0.25 0.3 0.35 0.4 0.45 0.5 0.55 0.6 0.65 0.7 0.75 0.8 0.85 0.9 0.95 1.0
# BLAZE_COL_G = 0.45        # range: 0.05 0.1 0.15 0.2 0.25 0.3 0.35 0.4 0.45 0.5 0.55 0.6 0.65 0.7 0.75 0.8 0.85 0.9 0.95 1.0
# BLAZE_COL_B = 0.05        # range: 0.05 0.1 0.15 0.2 0.25 0.3 0.35 0.4 0.45 0.5 0.55 0.6 0.65 0.7 0.75 0.8 0.85 0.9 0.95 1.0
# HARDCODED_BREWINGSTAND_COL = true        # true or false
# BRIGHTNESS_BREWINGSTAND = 14        # range: 0 1 2 3 4 5 6 7 8 9 10 11 12 13 14 15 16 17 18 19 20 21 22 23 24 25 26 27 28 29 30
# BREWINGSTAND_COL_R = 0.9        # range: 0.05 0.1 0.15 0.2 0.25 0.3 0.35 0.4 0.45 0.5 0.55 0.6 0.65 0.7 0.75 0.8 0.85 0.9 0.95 1.0
# BREWINGSTAND_COL_G = 0.4        # range: 0.05 0.1 0.15 0.2 0.25 0.3 0.35 0.4 0.45 0.5 0.55 0.6 0.65 0.7 0.75 0.8 0.85 0.9 0.95 1.0
# BREWINGSTAND_COL_B = 0.1        # range: 0.05 0.1 0.15 0.2 0.25 0.3 0.35 0.4 0.45 0.5 0.55 0.6 0.65 0.7 0.75 0.8 0.85 0.9 0.95 1.0
# HARDCODED_CANDLE_COL = false        # true or false
# BRIGHTNESS_CANDLE = 10        # range: 0 1 2 3 4 5 6 7 8 9 10 11 12 13 14 15 16 17 18 19 20 21 22 23 24 25 26 27 28 29 30
# CAKE_HARDCODED_CANDLE_COL = true        # true or false
# CAKE_BRIGHTNESS_CANDLE = 10        # range: 0 1 2 3 4 5 6 7 8 9 10 11 12 13 14 15 16 17 18 19 20 21 22 23 24 25 26 27 28 29 30
# CANDLE_COL_R = 1.0        # range: 0.05 0.1 0.15 0.2 0.25 0.3 0.35 0.4 0.45 0.5 0.55 0.6 0.65 0.7 0.75 0.8 0.85 0.9 0.95 1.0
# CANDLE_COL_G = 0.65        # range: 0.05 0.1 0.15 0.2 0.25 0.3 0.35 0.4 0.45 0.5 0.55 0.6 0.65 0.7 0.75 0.8 0.85 0.9 0.95 1.0
# CANDLE_COL_B = 0.45        # range: 0.05 0.1 0.15 0.2 0.25 0.3 0.35 0.4 0.45 0.5 0.55 0.6 0.65 0.7 0.75 0.8 0.85 0.9 0.95 1.0
# HARDCODED_CHORUS_COL = true        # true or false
# BRIGHTNESS_CHORUS = 18        # range: 0 1 2 3 4 5 6 7 8 9 10 11 12 13 14 15 16 17 18 19 20 21 22 23 24 25 26 27 28 29 30
# CHORUS_COL_R = 1.0        # range: 0.05 0.1 0.15 0.2 0.25 0.3 0.35 0.4 0.45 0.5 0.55 0.6 0.65 0.7 0.75 0.8 0.85 0.9 0.95 1.0
# CHORUS_COL_G = 0.65        # range: 0.05 0.1 0.15 0.2 0.25 0.3 0.35 0.4 0.45 0.5 0.55 0.6 0.65 0.7 0.75 0.8 0.85 0.9 0.95 1.0
# CHORUS_COL_B = 1.0        # range: 0.05 0.1 0.15 0.2 0.25 0.3 0.35 0.4 0.45 0.5 0.55 0.6 0.65 0.7 0.75 0.8 0.85 0.9 0.95 1.0
# HARDCODED_CONDUIT_COL = true        # true or false
# BRIGHTNESS_CONDUIT = 16        # range: 0 1 2 3 4 5 6 7 8 9 10 11 12 13 14 15 16 17 18 19 20 21 22 23 24 25 26 27 28 29 30
# CONDUIT_COL_R = 0.6        # range: 0.05 0.1 0.15 0.2 0.25 0.3 0.35 0.4 0.45 0.5 0.55 0.6 0.65 0.7 0.75 0.8 0.85 0.9 0.95 1.0
# CONDUIT_COL_G = 0.95        # range: 0.05 0.1 0.15 0.2 0.25 0.3 0.35 0.4 0.45 0.5 0.55 0.6 0.65 0.7 0.75 0.8 0.85 0.9 0.95 1.0
# CONDUIT_COL_B = 1.0        # range: 0.05 0.1 0.15 0.2 0.25 0.3 0.35 0.4 0.45 0.5 0.55 0.6 0.65 0.7 0.75 0.8 0.85 0.9 0.95 1.0
# ORE_HARDCODED_COPPER_COL = true        # true or false
# ORE_BRIGHTNESS_COPPER = 8        # range: 0 1 2 3 4 5 6 7 8 9 10 11 12 13 14 15 16 17 18 19 20 21 22 23 24 25 26 27 28 29 30
# COPPER_COL_R = 1.0        # range: 0.05 0.1 0.15 0.2 0.25 0.3 0.35 0.4 0.45 0.5 0.55 0.6 0.65 0.7 0.75 0.8 0.85 0.9 0.95 1.0
# COPPER_COL_G = 0.55        # range: 0.05 0.1 0.15 0.2 0.25 0.3 0.35 0.4 0.45 0.5 0.55 0.6 0.65 0.7 0.75 0.8 0.85 0.9 0.95 1.0
# COPPER_COL_B = 0.35        # range: 0.05 0.1 0.15 0.2 0.25 0.3 0.35 0.4 0.45 0.5 0.55 0.6 0.65 0.7 0.75 0.8 0.85 0.9 0.95 1.0
# HARDCODED_CRYING_COL = true        # true or false
# BRIGHTNESS_CRYING = 12        # range: 0 1 2 3 4 5 6 7 8 9 10 11 12 13 14 15 16 17 18 19 20 21 22 23 24 25 26 27 28 29 30
# CRYING_COL_R = 0.55        # range: 0.05 0.1 0.15 0.2 0.25 0.3 0.35 0.4 0.45 0.5 0.55 0.6 0.65 0.7 0.75 0.8 0.85 0.9 0.95 1.0
# CRYING_COL_G = 0.15        # range: 0.05 0.1 0.15 0.2 0.25 0.3 0.35 0.4 0.45 0.5 0.55 0.6 0.65 0.7 0.75 0.8 0.85 0.9 0.95 1.0
# CRYING_COL_B = 1.0        # range: 0.05 0.1 0.15 0.2 0.25 0.3 0.35 0.4 0.45 0.5 0.55 0.6 0.65 0.7 0.75 0.8 0.85 0.9 0.95 1.0
# HARDCODED_DEBRIS_COL = true        # true or false
# BRIGHTNESS_DEBRIS = 15        # range: 0 1 2 3 4 5 6 7 8 9 10 11 12 13 14 15 16 17 18 19 20 21 22 23 24 25 26 27 28 29 30
# DEBRIS_COL_R = 0.5        # range: 0.05 0.1 0.15 0.2 0.25 0.3 0.35 0.4 0.45 0.5 0.55 0.6 0.65 0.7 0.75 0.8 0.85 0.9 0.95 1.0
# DEBRIS_COL_G = 0.4        # range: 0.05 0.1 0.15 0.2 0.25 0.3 0.35 0.4 0.45 0.5 0.55 0.6 0.65 0.7 0.75 0.8 0.85 0.9 0.95 1.0
# DEBRIS_COL_B = 0.3        # range: 0.05 0.1 0.15 0.2 0.25 0.3 0.35 0.4 0.45 0.5 0.55 0.6 0.65 0.7 0.75 0.8 0.85 0.9 0.95 1.0
# ORE_HARDCODED_DIAMOND_COL = true        # true or false
# ORE_BRIGHTNESS_DIAMOND = 8        # range: 0 1 2 3 4 5 6 7 8 9 10 11 12 13 14 15 16 17 18 19 20 21 22 23 24 25 26 27 28 29 30
# DIAMOND_COL_R = 0.65        # range: 0.05 0.1 0.15 0.2 0.25 0.3 0.35 0.4 0.45 0.5 0.55 0.6 0.65 0.7 0.75 0.8 0.85 0.9 0.95 1.0
# DIAMOND_COL_G = 0.85        # range: 0.05 0.1 0.15 0.2 0.25 0.3 0.35 0.4 0.45 0.5 0.55 0.6 0.65 0.7 0.75 0.8 0.85 0.9 0.95 1.0
# DIAMOND_COL_B = 1.0        # range: 0.05 0.1 0.15 0.2 0.25 0.3 0.35 0.4 0.45 0.5 0.55 0.6 0.65 0.7 0.75 0.8 0.85 0.9 0.95 1.0
# HARDCODED_DRAGON_COL = true        # true or false
# BRIGHTNESS_DRAGON = 15        # range: 0 1 2 3 4 5 6 7 8 9 10 11 12 13 14 15 16 17 18 19 20 21 22 23 24 25 26 27 28 29 30
# DRAGON_COL_R = 0.5        # range: 0.05 0.1 0.15 0.2 0.25 0.3 0.35 0.4 0.45 0.5 0.55 0.6 0.65 0.7 0.75 0.8 0.85 0.9 0.95 1.0
# DRAGON_COL_G = 0.05        # range: 0.05 0.1 0.15 0.2 0.25 0.3 0.35 0.4 0.45 0.5 0.55 0.6 0.65 0.7 0.75 0.8 0.85 0.9 0.95 1.0
# DRAGON_COL_B = 0.6        # range: 0.05 0.1 0.15 0.2 0.25 0.3 0.35 0.4 0.45 0.5 0.55 0.6 0.65 0.7 0.75 0.8 0.85 0.9 0.95 1.0
# ORE_HARDCODED_EMERALD_COL = true        # true or false
# ORE_BRIGHTNESS_EMERALD = 8        # range: 0 1 2 3 4 5 6 7 8 9 10 11 12 13 14 15 16 17 18 19 20 21 22 23 24 25 26 27 28 29 30
# BLOCK_HARDCODED_EMERALD_COL = true        # true or false
# BLOCK_BRIGHTNESS_EMERALD = 12        # range: 0 1 2 3 4 5 6 7 8 9 10 11 12 13 14 15 16 17 18 19 20 21 22 23 24 25 26 27 28 29 30
# EMERALD_COL_R = 0.55        # range: 0.05 0.1 0.15 0.2 0.25 0.3 0.35 0.4 0.45 0.5 0.55 0.6 0.65 0.7 0.75 0.8 0.85 0.9 0.95 1.0
# EMERALD_COL_G = 1.0        # range: 0.05 0.1 0.15 0.2 0.25 0.3 0.35 0.4 0.45 0.5 0.55 0.6 0.65 0.7 0.75 0.8 0.85 0.9 0.95 1.0
# EMERALD_COL_B = 0.4        # range: 0.05 0.1 0.15 0.2 0.25 0.3 0.35 0.4 0.45 0.5 0.55 0.6 0.65 0.7 0.75 0.8 0.85 0.9 0.95 1.0
# HARDCODED_END_COL = true        # true or false
# FRAME_BRIGHTNESS_END = 10        # range: 0 1 2 3 4 5 6 7 8 9 10 11 12 13 14 15 16 17 18 19 20 21 22 23 24 25 26 27 28 29 30
# PORTAL_HARDCODED_END_COL = true        # true or false
# PORTAL_BRIGHTNESS_END = 10        # range: 0 1 2 3 4 5 6 7 8 9 10 11 12 13 14 15 16 17 18 19 20 21 22 23 24 25 26 27 28 29 30
# CHEST_HARDCODED_END_COL = true        # true or false
# CHEST_BRIGHTNESS_END = 6        # range: 0 1 2 3 4 5 6 7 8 9 10 11 12 13 14 15 16 17 18 19 20 21 22 23 24 25 26 27 28 29 30
# END_COL_R = 0.7        # range: 0.05 0.1 0.15 0.2 0.25 0.3 0.35 0.4 0.45 0.5 0.55 0.6 0.65 0.7 0.75 0.8 0.85 0.9 0.95 1.0
# END_COL_G = 1.0        # range: 0.05 0.1 0.15 0.2 0.25 0.3 0.35 0.4 0.45 0.5 0.55 0.6 0.65 0.7 0.75 0.8 0.85 0.9 0.95 1.0
# END_COL_B = 0.8        # range: 0.05 0.1 0.15 0.2 0.25 0.3 0.35 0.4 0.45 0.5 0.55 0.6 0.65 0.7 0.75 0.8 0.85 0.9 0.95 1.0
# HARDCODED_ENDCRYSTAL_COL = true        # true or false
# BRIGHTNESS_ENDCRYSTAL = 20        # range: 0 1 2 3 4 5 6 7 8 9 10 11 12 13 14 15 16 17 18 19 20 21 22 23 24 25 26 27 28 29 30
# ENDCRYSTAL_COL_R = 0.75        # range: 0.05 0.1 0.15 0.2 0.25 0.3 0.35 0.4 0.45 0.5 0.55 0.6 0.65 0.7 0.75 0.8 0.85 0.9 0.95 1.0
# ENDCRYSTAL_COL_G = 0.25        # range: 0.05 0.1 0.15 0.2 0.25 0.3 0.35 0.4 0.45 0.5 0.55 0.6 0.65 0.7 0.75 0.8 0.85 0.9 0.95 1.0
# ENDCRYSTAL_COL_B = 0.7        # range: 0.05 0.1 0.15 0.2 0.25 0.3 0.35 0.4 0.45 0.5 0.55 0.6 0.65 0.7 0.75 0.8 0.85 0.9 0.95 1.0
# HARDCODED_ENDROD_COL = true        # true or false
# BRIGHTNESS_ENDROD = 22        # range: 0 1 2 3 4 5 6 7 8 9 10 11 12 13 14 15 16 17 18 19 20 21 22 23 24 25 26 27 28 29 30
# ENDROD_COL_R = 1.0        # range: 0.05 0.1 0.15 0.2 0.25 0.3 0.35 0.4 0.45 0.5 0.55 0.6 0.65 0.7 0.75 0.8 0.85 0.9 0.95 1.0
# ENDROD_COL_G = 0.9        # range: 0.05 0.1 0.15 0.2 0.25 0.3 0.35 0.4 0.45 0.5 0.55 0.6 0.65 0.7 0.75 0.8 0.85 0.9 0.95 1.0
# ENDROD_COL_B = 0.85        # range: 0.05 0.1 0.15 0.2 0.25 0.3 0.35 0.4 0.45 0.5 0.55 0.6 0.65 0.7 0.75 0.8 0.85 0.9 0.95 1.0
# HARDCODED_FIRE_COL = false        # true or false
# BRIGHTNESS_FIRE = 23        # range: 0 1 2 3 4 5 6 7 8 9 10 11 12 13 14 15 16 17 18 19 20 21 22 23 24 25 26 27 28 29 30
# CAMPFIRE_HARDCODED_FIRE_COL = false        # true or false
# CAMPFIRE_BRIGHTNESS_FIRE = 20        # range: 0 1 2 3 4 5 6 7 8 9 10 11 12 13 14 15 16 17 18 19 20 21 22 23 24 25 26 27 28 29 30
# FIRE_COL_R = 1.0        # range: 0.05 0.1 0.15 0.2 0.25 0.3 0.35 0.4 0.45 0.5 0.55 0.6 0.65 0.7 0.75 0.8 0.85 0.9 0.95 1.0
# FIRE_COL_G = 0.55        # range: 0.05 0.1 0.15 0.2 0.25 0.3 0.35 0.4 0.45 0.5 0.55 0.6 0.65 0.7 0.75 0.8 0.85 0.9 0.95 1.0
# FIRE_COL_B = 0.1        # range: 0.05 0.1 0.15 0.2 0.25 0.3 0.35 0.4 0.45 0.5 0.55 0.6 0.65 0.7 0.75 0.8 0.85 0.9 0.95 1.0
# HARDCODED_FURNACE_COL = true        # true or false
# BRIGHTNESS_FURNACE = 17        # range: 0 1 2 3 4 5 6 7 8 9 10 11 12 13 14 15 16 17 18 19 20 21 22 23 24 25 26 27 28 29 30
# FURNACE_COL_R = 0.95        # range: 0.05 0.1 0.15 0.2 0.25 0.3 0.35 0.4 0.45 0.5 0.55 0.6 0.65 0.7 0.75 0.8 0.85 0.9 0.95 1.0
# FURNACE_COL_G = 0.5        # range: 0.05 0.1 0.15 0.2 0.25 0.3 0.35 0.4 0.45 0.5 0.55 0.6 0.65 0.7 0.75 0.8 0.85 0.9 0.95 1.0
# FURNACE_COL_B = 0.2        # range: 0.05 0.1 0.15 0.2 0.25 0.3 0.35 0.4 0.45 0.5 0.55 0.6 0.65 0.7 0.75 0.8 0.85 0.9 0.95 1.0
# HARDCODED_GLOWSTONE_COL = true        # true or false
# BRIGHTNESS_GLOWSTONE = 22        # range: 0 1 2 3 4 5 6 7 8 9 10 11 12 13 14 15 16 17 18 19 20 21 22 23 24 25 26 27 28 29 30
# GLOWSTONE_COL_R = 1.0        # range: 0.05 0.1 0.15 0.2 0.25 0.3 0.35 0.4 0.45 0.5 0.55 0.6 0.65 0.7 0.75 0.8 0.85 0.9 0.95 1.0
# GLOWSTONE_COL_G = 0.75        # range: 0.05 0.1 0.15 0.2 0.25 0.3 0.35 0.4 0.45 0.5 0.55 0.6 0.65 0.7 0.75 0.8 0.85 0.9 0.95 1.0
# GLOWSTONE_COL_B = 0.55        # range: 0.05 0.1 0.15 0.2 0.25 0.3 0.35 0.4 0.45 0.5 0.55 0.6 0.65 0.7 0.75 0.8 0.85 0.9 0.95 1.0
# ORE_HARDCODED_GOLD_COL = true        # true or false
# ORE_BRIGHTNESS_GOLD = 8        # range: 0 1 2 3 4 5 6 7 8 9 10 11 12 13 14 15 16 17 18 19 20 21 22 23 24 25 26 27 28 29 30
# GOLD_COL_R = 1.0        # range: 0.05 0.1 0.15 0.2 0.25 0.3 0.35 0.4 0.45 0.5 0.55 0.6 0.65 0.7 0.75 0.8 0.85 0.9 0.95 1.0
# GOLD_COL_G = 0.75        # range: 0.05 0.1 0.15 0.2 0.25 0.3 0.35 0.4 0.45 0.5 0.55 0.6 0.65 0.7 0.75 0.8 0.85 0.9 0.95 1.0
# GOLD_COL_B = 0.35        # range: 0.05 0.1 0.15 0.2 0.25 0.3 0.35 0.4 0.45 0.5 0.55 0.6 0.65 0.7 0.75 0.8 0.85 0.9 0.95 1.0
# HARDCODED_GREENFROG_COL = true        # true or false
# BRIGHTNESS_GREENFROG = 23        # range: 0 1 2 3 4 5 6 7 8 9 10 11 12 13 14 15 16 17 18 19 20 21 22 23 24 25 26 27 28 29 30
# GREENFROG_COL_R = 0.65        # range: 0.05 0.1 0.15 0.2 0.25 0.3 0.35 0.4 0.45 0.5 0.55 0.6 0.65 0.7 0.75 0.8 0.85 0.9 0.95 1.0
# GREENFROG_COL_G = 1.0        # range: 0.05 0.1 0.15 0.2 0.25 0.3 0.35 0.4 0.45 0.5 0.55 0.6 0.65 0.7 0.75 0.8 0.85 0.9 0.95 1.0
# GREENFROG_COL_B = 0.15        # range: 0.05 0.1 0.15 0.2 0.25 0.3 0.35 0.4 0.45 0.5 0.55 0.6 0.65 0.7 0.75 0.8 0.85 0.9 0.95 1.0
# HARDCODED_ICE_COL = true        # true or false
# BRIGHTNESS_ICE = 8        # range: 0 1 2 3 4 5 6 7 8 9 10 11 12 13 14 15 16 17 18 19 20 21 22 23 24 25 26 27 28 29 30
# ICE_COL_R = 0.05        # range: 0.05 0.1 0.15 0.2 0.25 0.3 0.35 0.4 0.45 0.5 0.55 0.6 0.65 0.7 0.75 0.8 0.85 0.9 0.95 1.0
# ICE_COL_G = 0.25        # range: 0.05 0.1 0.15 0.2 0.25 0.3 0.35 0.4 0.45 0.5 0.55 0.6 0.65 0.7 0.75 0.8 0.85 0.9 0.95 1.0
# ICE_COL_B = 0.65        # range: 0.05 0.1 0.15 0.2 0.25 0.3 0.35 0.4 0.45 0.5 0.55 0.6 0.65 0.7 0.75 0.8 0.85 0.9 0.95 1.0
# ORE_HARDCODED_IRON_COL = true        # true or false
# ORE_BRIGHTNESS_IRON = 8        # range: 0 1 2 3 4 5 6 7 8 9 10 11 12 13 14 15 16 17 18 19 20 21 22 23 24 25 26 27 28 29 30
# IRON_COL_R = 1.0        # range: 0.05 0.1 0.15 0.2 0.25 0.3 0.35 0.4 0.45 0.5 0.55 0.6 0.65 0.7 0.75 0.8 0.85 0.9 0.95 1.0
# IRON_COL_G = 0.75        # range: 0.05 0.1 0.15 0.2 0.25 0.3 0.35 0.4 0.45 0.5 0.55 0.6 0.65 0.7 0.75 0.8 0.85 0.9 0.95 1.0
# IRON_COL_B = 0.55        # range: 0.05 0.1 0.15 0.2 0.25 0.3 0.35 0.4 0.45 0.5 0.55 0.6 0.65 0.7 0.75 0.8 0.85 0.9 0.95 1.0
# HARDCODED_ITEMFRAME_COL = true        # true or false
# BRIGHTNESS_ITEMFRAME = 10        # range: 0 1 2 3 4 5 6 7 8 9 10 11 12 13 14 15 16 17 18 19 20 21 22 23 24 25 26 27 28 29 30
# ITEMFRAME_COL_R = 1.0        # range: 0.05 0.1 0.15 0.2 0.25 0.3 0.35 0.4 0.45 0.5 0.55 0.6 0.65 0.7 0.75 0.8 0.85 0.9 0.95 1.0
# ITEMFRAME_COL_G = 0.7        # range: 0.05 0.1 0.15 0.2 0.25 0.3 0.35 0.4 0.45 0.5 0.55 0.6 0.65 0.7 0.75 0.8 0.85 0.9 0.95 1.0
# ITEMFRAME_COL_B = 0.45        # range: 0.05 0.1 0.15 0.2 0.25 0.3 0.35 0.4 0.45 0.5 0.55 0.6 0.65 0.7 0.75 0.8 0.85 0.9 0.95 1.0
# ORE_HARDCODED_LAPIS_COL = true        # true or false
# ORE_BRIGHTNESS_LAPIS = 8        # range: 0 1 2 3 4 5 6 7 8 9 10 11 12 13 14 15 16 17 18 19 20 21 22 23 24 25 26 27 28 29 30
# BLOCK_HARDCODED_LAPIS_COL = true        # true or false
# BLOCK_BRIGHTNESS_LAPIS = 13        # range: 0 1 2 3 4 5 6 7 8 9 10 11 12 13 14 15 16 17 18 19 20 21 22 23 24 25 26 27 28 29 30
# LAPIS_COL_R = 0.2        # range: 0.05 0.1 0.15 0.2 0.25 0.3 0.35 0.4 0.45 0.5 0.55 0.6 0.65 0.7 0.75 0.8 0.85 0.9 0.95 1.0
# LAPIS_COL_G = 0.5        # range: 0.05 0.1 0.15 0.2 0.25 0.3 0.35 0.4 0.45 0.5 0.55 0.6 0.65 0.7 0.75 0.8 0.85 0.9 0.95 1.0
# LAPIS_COL_B = 1.0        # range: 0.05 0.1 0.15 0.2 0.25 0.3 0.35 0.4 0.45 0.5 0.55 0.6 0.65 0.7 0.75 0.8 0.85 0.9 0.95 1.0
# CAULDRON_HARDCODED_LAVA_COL = true        # true or false
# CAULDRON_BRIGHTNESS_LAVA = 20        # range: 0 1 2 3 4 5 6 7 8 9 10 11 12 13 14 15 16 17 18 19 20 21 22 23 24 25 26 27 28 29 30
# HARDCODED_LAVA_COL = false        # true or false
# BRIGHTNESS_LAVA = 24        # range: 0 1 2 3 4 5 6 7 8 9 10 11 12 13 14 15 16 17 18 19 20 21 22 23 24 25 26 27 28 29 30
# LAVA_COL_R = 1.0        # range: 0.05 0.1 0.15 0.2 0.25 0.3 0.35 0.4 0.45 0.5 0.55 0.6 0.65 0.7 0.75 0.8 0.85 0.9 0.95 1.0
# LAVA_COL_G = 0.35        # range: 0.05 0.1 0.15 0.2 0.25 0.3 0.35 0.4 0.45 0.5 0.55 0.6 0.65 0.7 0.75 0.8 0.85 0.9 0.95 1.0
# LAVA_COL_B = 0.1        # range: 0.05 0.1 0.15 0.2 0.25 0.3 0.35 0.4 0.45 0.5 0.55 0.6 0.65 0.7 0.75 0.8 0.85 0.9 0.95 1.0
# HARDCODED_LICHEN_COL = true        # true or false
# BRIGHTNESS_LICHEN = 12        # range: 0 1 2 3 4 5 6 7 8 9 10 11 12 13 14 15 16 17 18 19 20 21 22 23 24 25 26 27 28 29 30
# LICHEN_COL_R = 0.8        # range: 0.05 0.1 0.15 0.2 0.25 0.3 0.35 0.4 0.45 0.5 0.55 0.6 0.65 0.7 0.75 0.8 0.85 0.9 0.95 1.0
# LICHEN_COL_G = 1.0        # range: 0.05 0.1 0.15 0.2 0.25 0.3 0.35 0.4 0.45 0.5 0.55 0.6 0.65 0.7 0.75 0.8 0.85 0.9 0.95 1.0
# LICHEN_COL_B = 0.85        # range: 0.05 0.1 0.15 0.2 0.25 0.3 0.35 0.4 0.45 0.5 0.55 0.6 0.65 0.7 0.75 0.8 0.85 0.9 0.95 1.0
# HARDCODED_LIGHTNING_COL = true        # true or false
# BRIGHTNESS_LIGHTNING = 22        # range: 0 1 2 3 4 5 6 7 8 9 10 11 12 13 14 15 16 17 18 19 20 21 22 23 24 25 26 27 28 29 30
# LIGHTNING_COL_R = 1.0        # range: 0.05 0.1 0.15 0.2 0.25 0.3 0.35 0.4 0.45 0.5 0.55 0.6 0.65 0.7 0.75 0.8 0.85 0.9 0.95 1.0
# LIGHTNING_COL_G = 1.0        # range: 0.05 0.1 0.15 0.2 0.25 0.3 0.35 0.4 0.45 0.5 0.55 0.6 0.65 0.7 0.75 0.8 0.85 0.9 0.95 1.0
# LIGHTNING_COL_B = 1.0        # range: 0.05 0.1 0.15 0.2 0.25 0.3 0.35 0.4 0.45 0.5 0.55 0.6 0.65 0.7 0.75 0.8 0.85 0.9 0.95 1.0
# HARDCODED_MAGMA_COL = true        # true or false
# BLOCK_BRIGHTNESS_MAGMA = 17        # range: 0 1 2 3 4 5 6 7 8 9 10 11 12 13 14 15 16 17 18 19 20 21 22 23 24 25 26 27 28 29 30
# MAGMA_COL_R = 0.9        # range: 0.05 0.1 0.15 0.2 0.25 0.3 0.35 0.4 0.45 0.5 0.55 0.6 0.65 0.7 0.75 0.8 0.85 0.9 0.95 1.0
# CUBE_BRIGHTNESS_MAGMA = 16        # range: 0 1 2 3 4 5 6 7 8 9 10 11 12 13 14 15 16 17 18 19 20 21 22 23 24 25 26 27 28 29 30
# MAGMA_COL_G = 0.4        # range: 0.05 0.1 0.15 0.2 0.25 0.3 0.35 0.4 0.45 0.5 0.55 0.6 0.65 0.7 0.75 0.8 0.85 0.9 0.95 1.0
# MAGMA_COL_B = 0.05        # range: 0.05 0.1 0.15 0.2 0.25 0.3 0.35 0.4 0.45 0.5 0.55 0.6 0.65 0.7 0.75 0.8 0.85 0.9 0.95 1.0
# BRIGHTNESS_CRIMSON = 11        # range: 0 1 2 3 4 5 6 7 8 9 10 11 12 13 14 15 16 17 18 19 20 21 22 23 24 25 26 27 28 29 30
# BRIGHTNESS_WARPED = 11        # range: 0 1 2 3 4 5 6 7 8 9 10 11 12 13 14 15 16 17 18 19 20 21 22 23 24 25 26 27 28 29 30
# HARDCODED_PICKLE_COL = true        # true or false
# LOW_BRIGHTNESS_PICKLE = 10        # range: 0 1 2 3 4 5 6 7 8 9 10 11 12 13 14 15 16 17 18 19 20 21 22 23 24 25 26 27 28 29 30
# PICKLE_COL_R = 0.65        # range: 0.05 0.1 0.15 0.2 0.25 0.3 0.35 0.4 0.45 0.5 0.55 0.6 0.65 0.7 0.75 0.8 0.85 0.9 0.95 1.0
# HIGH_BRIGHTNESS_PICKLE = 12        # range: 0 1 2 3 4 5 6 7 8 9 10 11 12 13 14 15 16 17 18 19 20 21 22 23 24 25 26 27 28 29 30
# PICKLE_COL_G = 1.0        # range: 0.05 0.1 0.15 0.2 0.25 0.3 0.35 0.4 0.45 0.5 0.55 0.6 0.65 0.7 0.75 0.8 0.85 0.9 0.95 1.0
# PICKLE_COL_B = 1.0        # range: 0.05 0.1 0.15 0.2 0.25 0.3 0.35 0.4 0.45 0.5 0.55 0.6 0.65 0.7 0.75 0.8 0.85 0.9 0.95 1.0
# HARDCODED_PINKFROG_COL = true        # true or false
# BRIGHTNESS_PINKFROG = 23        # range: 0 1 2 3 4 5 6 7 8 9 10 11 12 13 14 15 16 17 18 19 20 21 22 23 24 25 26 27 28 29 30
# PINKFROG_COL_R = 0.9        # range: 0.05 0.1 0.15 0.2 0.25 0.3 0.35 0.4 0.45 0.5 0.55 0.6 0.65 0.7 0.75 0.8 0.85 0.9 0.95 1.0
# PINKFROG_COL_G = 0.25        # range: 0.05 0.1 0.15 0.2 0.25 0.3 0.35 0.4 0.45 0.5 0.55 0.6 0.65 0.7 0.75 0.8 0.85 0.9 0.95 1.0
# PINKFROG_COL_B = 1.0        # range: 0.05 0.1 0.15 0.2 0.25 0.3 0.35 0.4 0.45 0.5 0.55 0.6 0.65 0.7 0.75 0.8 0.85 0.9 0.95 1.0
# ANCHOR_HARDCODED_PORTAL_COL = true        # true or false
# ANCHOR_BRIGHTNESS_PORTAL = 16        # range: 0 1 2 3 4 5 6 7 8 9 10 11 12 13 14 15 16 17 18 19 20 21 22 23 24 25 26 27 28 29 30
# HARDCODED_PORTAL_COL = true        # true or false
# BRIGHTNESS_PORTAL = 16        # range: 0 1 2 3 4 5 6 7 8 9 10 11 12 13 14 15 16 17 18 19 20 21 22 23 24 25 26 27 28 29 30
# PORTAL_COL_R = 0.55        # range: 0.05 0.1 0.15 0.2 0.25 0.3 0.35 0.4 0.45 0.5 0.55 0.6 0.65 0.7 0.75 0.8 0.85 0.9 0.95 1.0
# PORTAL_COL_G = 0.15        # range: 0.05 0.1 0.15 0.2 0.25 0.3 0.35 0.4 0.45 0.5 0.55 0.6 0.65 0.7 0.75 0.8 0.85 0.9 0.95 1.0
# PORTAL_COL_B = 1.0        # range: 0.05 0.1 0.15 0.2 0.25 0.3 0.35 0.4 0.45 0.5 0.55 0.6 0.65 0.7 0.75 0.8 0.85 0.9 0.95 1.0
# HARDCODED_PUMPKIN_COL = true        # true or false
# BRIGHTNESS_PUMPKIN = 20        # range: 0 1 2 3 4 5 6 7 8 9 10 11 12 13 14 15 16 17 18 19 20 21 22 23 24 25 26 27 28 29 30
# PUMPKIN_COL_R = 0.95        # range: 0.05 0.1 0.15 0.2 0.25 0.3 0.35 0.4 0.45 0.5 0.55 0.6 0.65 0.7 0.75 0.8 0.85 0.9 0.95 1.0
# PUMPKIN_COL_G = 0.6        # range: 0.05 0.1 0.15 0.2 0.25 0.3 0.35 0.4 0.45 0.5 0.55 0.6 0.65 0.7 0.75 0.8 0.85 0.9 0.95 1.0
# PUMPKIN_COL_B = 0.3        # range: 0.05 0.1 0.15 0.2 0.25 0.3 0.35 0.4 0.45 0.5 0.55 0.6 0.65 0.7 0.75 0.8 0.85 0.9 0.95 1.0
# ORE_HARDCODED_REDSTONE_COL = true        # true or false
# OREUNLIT_BRIGHTNESS_REDSTONE = 8        # range: 0 1 2 3 4 5 6 7 8 9 10 11 12 13 14 15 16 17 18 19 20 21 22 23 24 25 26 27 28 29 30
# BLOCK_HARDCODED_REDSTONE_COL = true        # true or false
# ORELIT_BRIGHTNESS_REDSTONE = 16        # range: 0 1 2 3 4 5 6 7 8 9 10 11 12 13 14 15 16 17 18 19 20 21 22 23 24 25 26 27 28 29 30
# WIRE_HARDCODED_REDSTONE_COL = true        # true or false
# BLOCK_BRIGHTNESS_REDSTONE = 20        # range: 0 1 2 3 4 5 6 7 8 9 10 11 12 13 14 15 16 17 18 19 20 21 22 23 24 25 26 27 28 29 30
# TORCH_HARDCODED_REDSTONE_COL = true        # true or false
# WIRE_BRIGHTNESS_REDSTONE = 5        # one of: 0 1 2 3 4 5 6 7 8 9 10 11 12 13 14 15 16 17 18 19 20 21 22 23 24 25 26 27 28 29 30
# REDSTONE_COL_R = 1.0        # range: 0.05 0.1 0.15 0.2 0.25 0.3 0.35 0.4 0.45 0.5 0.55 0.6 0.65 0.7 0.75 0.8 0.85 0.9 0.95 1.0
# REDSTONE_COL_G = 0.05        # range: 0.05 0.1 0.15 0.2 0.25 0.3 0.35 0.4 0.45 0.5 0.55 0.6 0.65 0.7 0.75 0.8 0.85 0.9 0.95 1.0
# REDSTONE_COL_B = 0.05        # range: 0.05 0.1 0.15 0.2 0.25 0.3 0.35 0.4 0.45 0.5 0.55 0.6 0.65 0.7 0.75 0.8 0.85 0.9 0.95 1.0
# TORCH_BRIGHTNESS_REDSTONE = 16        # range: 0 1 2 3 4 5 6 7 8 9 10 11 12 13 14 15 16 17 18 19 20 21 22 23 24 25 26 27 28 29 30
# HARDCODED_REDSTONELAMP_COL = true        # true or false
# BRIGHTNESS_REDSTONELAMP = 22        # range: 0 1 2 3 4 5 6 7 8 9 10 11 12 13 14 15 16 17 18 19 20 21 22 23 24 25 26 27 28 29 30
# REDSTONELAMP_COL_R = 1.0        # range: 0.05 0.1 0.15 0.2 0.25 0.3 0.35 0.4 0.45 0.5 0.55 0.6 0.65 0.7 0.75 0.8 0.85 0.9 0.95 1.0
# REDSTONELAMP_COL_G = 0.7        # range: 0.05 0.1 0.15 0.2 0.25 0.3 0.35 0.4 0.45 0.5 0.55 0.6 0.65 0.7 0.75 0.8 0.85 0.9 0.95 1.0
# REDSTONELAMP_COL_B = 0.4        # range: 0.05 0.1 0.15 0.2 0.25 0.3 0.35 0.4 0.45 0.5 0.55 0.6 0.65 0.7 0.75 0.8 0.85 0.9 0.95 1.0
# HEART_HARDCODED_RESIN_COL = true        # true or false
# RESIN_COL_R = 1.0        # range: 0.05 0.1 0.15 0.2 0.25 0.3 0.35 0.4 0.45 0.5 0.55 0.6 0.65 0.7 0.75 0.8 0.85 0.9 0.95 1.0
# BLOSSOM_HARDCODED_RESIN_COL = true        # true or false
# RESIN_COL_G = 0.6        # range: 0.05 0.1 0.15 0.2 0.25 0.3 0.35 0.4 0.45 0.5 0.55 0.6 0.65 0.7 0.75 0.8 0.85 0.9 0.95 1.0
# HEART_BRIGHTNESS_RESIN = 14        # range: 0 1 2 3 4 5 6 7 8 9 10 11 12 13 14 15 16 17 18 19 20 21 22 23 24 25 26 27 28 29 30
# RESIN_COL_B = 0.05        # range: 0.05 0.1 0.15 0.2 0.25 0.3 0.35 0.4 0.45 0.5 0.55 0.6 0.65 0.7 0.75 0.8 0.85 0.9 0.95 1.0
# BLOSSOM_BRIGHTNESS_RESIN = 5        # range: 0 1 2 3 4 5 6 7 8 9 10 11 12 13 14 15 16 17 18 19 20 21 22 23 24 25 26 27 28 29 30
# HARDCODED_SCULK_COL = true        # true or false
# SENSOR_BRIGHTNESS_SCULK = 11        # range: 0 1 2 3 4 5 6 7 8 9 10 11 12 13 14 15 16 17 18 19 20 21 22 23 24 25 26 27 28 29 30
# SCULK_COL_R = 0.05        # range: 0.05 0.1 0.15 0.2 0.25 0.3 0.35 0.4 0.45 0.5 0.55 0.6 0.65 0.7 0.75 0.8 0.85 0.9 0.95 1.0
# SCULK_COL_G = 1.0        # range: 0.05 0.1 0.15 0.2 0.25 0.3 0.35 0.4 0.45 0.5 0.55 0.6 0.65 0.7 0.75 0.8 0.85 0.9 0.95 1.0
# SCULK_COL_B = 1.0        # range: 0.05 0.1 0.15 0.2 0.25 0.3 0.35 0.4 0.45 0.5 0.55 0.6 0.65 0.7 0.75 0.8 0.85 0.9 0.95 1.0
# HARDCODED_SEALANTERN_COL = true        # true or false
# BRIGHTNESS_SEALANTERN = 22        # range: 0 1 2 3 4 5 6 7 8 9 10 11 12 13 14 15 16 17 18 19 20 21 22 23 24 25 26 27 28 29 30
# SEALANTERN_COL_R = 0.85        # range: 0.05 0.1 0.15 0.2 0.25 0.3 0.35 0.4 0.45 0.5 0.55 0.6 0.65 0.7 0.75 0.8 0.85 0.9 0.95 1.0
# SEALANTERN_COL_G = 0.95        # range: 0.05 0.1 0.15 0.2 0.25 0.3 0.35 0.4 0.45 0.5 0.55 0.6 0.65 0.7 0.75 0.8 0.85 0.9 0.95 1.0
# SEALANTERN_COL_B = 0.95        # range: 0.05 0.1 0.15 0.2 0.25 0.3 0.35 0.4 0.45 0.5 0.55 0.6 0.65 0.7 0.75 0.8 0.85 0.9 0.95 1.0
# HARDCODED_SHROOMLIGHT_COL = true        # true or false
# BRIGHTNESS_SHROOMLIGHT = 22        # range: 0 1 2 3 4 5 6 7 8 9 10 11 12 13 14 15 16 17 18 19 20 21 22 23 24 25 26 27 28 29 30
# SHROOMLIGHT_COL_R = 1.0        # range: 0.05 0.1 0.15 0.2 0.25 0.3 0.35 0.4 0.45 0.5 0.55 0.6 0.65 0.7 0.75 0.8 0.85 0.9 0.95 1.0
# SHROOMLIGHT_COL_G = 0.5        # range: 0.05 0.1 0.15 0.2 0.25 0.3 0.35 0.4 0.45 0.5 0.55 0.6 0.65 0.7 0.75 0.8 0.85 0.9 0.95 1.0
# SHROOMLIGHT_COL_B = 0.2        # range: 0.05 0.1 0.15 0.2 0.25 0.3 0.35 0.4 0.45 0.5 0.55 0.6 0.65 0.7 0.75 0.8 0.85 0.9 0.95 1.0
# HARDCODED_SOULFIRE_COL = false        # true or false
# BRIGHTNESS_SOULFIRE = 23        # range: 0 1 2 3 4 5 6 7 8 9 10 11 12 13 14 15 16 17 18 19 20 21 22 23 24 25 26 27 28 29 30
# CAMPFIRE_HARDCODED_SOULFIRE_COL = false        # true or false
# CAMPFIRE_BRIGHTNESS_SOULFIRE = 20        # range: 0 1 2 3 4 5 6 7 8 9 10 11 12 13 14 15 16 17 18 19 20 21 22 23 24 25 26 27 28 29 30
# SOULFIRE_COL_R = 0.15        # range: 0.05 0.1 0.15 0.2 0.25 0.3 0.35 0.4 0.45 0.5 0.55 0.6 0.65 0.7 0.75 0.8 0.85 0.9 0.95 1.0
# SOULFIRE_COL_G = 0.85        # range: 0.05 0.1 0.15 0.2 0.25 0.3 0.35 0.4 0.45 0.5 0.55 0.6 0.65 0.7 0.75 0.8 0.85 0.9 0.95 1.0
# SOULFIRE_COL_B = 0.85        # range: 0.05 0.1 0.15 0.2 0.25 0.3 0.35 0.4 0.45 0.5 0.55 0.6 0.65 0.7 0.75 0.8 0.85 0.9 0.95 1.0
# HARDCODED_SOULTORCH_COL = true        # true or false
# BRIGHTNESS_SOULTORCH = 20        # range: 0 1 2 3 4 5 6 7 8 9 10 11 12 13 14 15 16 17 18 19 20 21 22 23 24 25 26 27 28 29 30
# LANTERN_HARDCODED_SOULTORCH_COL = true        # true or false
# LANTERN_BRIGHTNESS_SOULTORCH = 22        # range: 0 1 2 3 4 5 6 7 8 9 10 11 12 13 14 15 16 17 18 19 20 21 22 23 24 25 26 27 28 29 30
# SOULTORCH_COL_R = 0.15        # range: 0.05 0.1 0.15 0.2 0.25 0.3 0.35 0.4 0.45 0.5 0.55 0.6 0.65 0.7 0.75 0.8 0.85 0.9 0.95 1.0
# SOULTORCH_COL_G = 0.85        # range: 0.05 0.1 0.15 0.2 0.25 0.3 0.35 0.4 0.45 0.5 0.55 0.6 0.65 0.7 0.75 0.8 0.85 0.9 0.95 1.0
# SOULTORCH_COL_B = 0.85        # range: 0.05 0.1 0.15 0.2 0.25 0.3 0.35 0.4 0.45 0.5 0.55 0.6 0.65 0.7 0.75 0.8 0.85 0.9 0.95 1.0
# HARDCODED_SPAWNER_COL = true        # true or false
# BRIGHTNESS_SPAWNER = 11        # range: 0 1 2 3 4 5 6 7 8 9 10 11 12 13 14 15 16 17 18 19 20 21 22 23 24 25 26 27 28 29 30
# SPAWNER_COL_R = 0.85        # range: 0.05 0.1 0.15 0.2 0.25 0.3 0.35 0.4 0.45 0.5 0.55 0.6 0.65 0.7 0.75 0.8 0.85 0.9 0.95 1.0
# SPAWNER_COL_G = 0.05        # range: 0.05 0.1 0.15 0.2 0.25 0.3 0.35 0.4 0.45 0.5 0.55 0.6 0.65 0.7 0.75 0.8 0.85 0.9 0.95 1.0
# SPAWNER_COL_B = 0.8        # range: 0.05 0.1 0.15 0.2 0.25 0.3 0.35 0.4 0.45 0.5 0.55 0.6 0.65 0.7 0.75 0.8 0.85 0.9 0.95 1.0
# HARDCODED_SQUID_COL = true        # true or false
# BRIGHTNESS_SQUID = 13        # range: 0 1 2 3 4 5 6 7 8 9 10 11 12 13 14 15 16 17 18 19 20 21 22 23 24 25 26 27 28 29 30
# SQUID_COL_R = 0.45        # range: 0.05 0.1 0.15 0.2 0.25 0.3 0.35 0.4 0.45 0.5 0.55 0.6 0.65 0.7 0.75 0.8 0.85 0.9 0.95 1.0
# SQUID_COL_G = 1.0        # range: 0.05 0.1 0.15 0.2 0.25 0.3 0.35 0.4 0.45 0.5 0.55 0.6 0.65 0.7 0.75 0.8 0.85 0.9 0.95 1.0
# SQUID_COL_B = 0.85        # range: 0.05 0.1 0.15 0.2 0.25 0.3 0.35 0.4 0.45 0.5 0.55 0.6 0.65 0.7 0.75 0.8 0.85 0.9 0.95 1.0
# HARDCODED_TABLE_COL = true        # true or false
# BRIGHTNESS_TABLE = 4        # range: 0 1 2 3 4 5 6 7 8 9 10 11 12 13 14 15 16 17 18 19 20 21 22 23 24 25 26 27 28 29 30
# TABLE_COL_R = 0.8        # range: 0.05 0.1 0.15 0.2 0.25 0.3 0.35 0.4 0.45 0.5 0.55 0.6 0.65 0.7 0.75 0.8 0.85 0.9 0.95 1.0
# TABLE_COL_G = 0.4        # range: 0.05 0.1 0.15 0.2 0.25 0.3 0.35 0.4 0.45 0.5 0.55 0.6 0.65 0.7 0.75 0.8 0.85 0.9 0.95 1.0
# TABLE_COL_B = 0.1        # range: 0.05 0.1 0.15 0.2 0.25 0.3 0.35 0.4 0.45 0.5 0.55 0.6 0.65 0.7 0.75 0.8 0.85 0.9 0.95 1.0
# HARDCODED_TNT_COL = true        # true or false
# BRIGHTNESS_TNT = 14        # range: 0 1 2 3 4 5 6 7 8 9 10 11 12 13 14 15 16 17 18 19 20 21 22 23 24 25 26 27 28 29 30
# HARDCODED_TORCH_COL = true        # true or false
# BRIGHTNESS_TORCH = 20        # range: 0 1 2 3 4 5 6 7 8 9 10 11 12 13 14 15 16 17 18 19 20 21 22 23 24 25 26 27 28 29 30
# LANTERN_HARDCODED_TORCH_COL = true        # true or false
# LANTERN_BRIGHTNESS_TORCH = 22        # range: 0 1 2 3 4 5 6 7 8 9 10 11 12 13 14 15 16 17 18 19 20 21 22 23 24 25 26 27 28 29 30
# TORCH_COL_R = 1.0        # range: 0.05 0.1 0.15 0.2 0.25 0.3 0.35 0.4 0.45 0.5 0.55 0.6 0.65 0.7 0.75 0.8 0.85 0.9 0.95 1.0
# TORCH_COL_G = 0.7        # range: 0.05 0.1 0.15 0.2 0.25 0.3 0.35 0.4 0.45 0.5 0.55 0.6 0.65 0.7 0.75 0.8 0.85 0.9 0.95 1.0
# TORCH_COL_B = 0.45        # range: 0.05 0.1 0.15 0.2 0.25 0.3 0.35 0.4 0.45 0.5 0.55 0.6 0.65 0.7 0.75 0.8 0.85 0.9 0.95 1.0
# HARDCODED_YELLOWFROG_COL = true        # true or false
# BRIGHTNESS_YELLOWFROG = 23        # range: 0 1 2 3 4 5 6 7 8 9 10 11 12 13 14 15 16 17 18 19 20 21 22 23 24 25 26 27 28 29 30
# YELLOWFROG_COL_R = 1.0        # range: 0.05 0.1 0.15 0.2 0.25 0.3 0.35 0.4 0.45 0.5 0.55 0.6 0.65 0.7 0.75 0.8 0.85 0.9 0.95 1.0
# YELLOWFROG_COL_G = 0.6        # range: 0.05 0.1 0.15 0.2 0.25 0.3 0.35 0.4 0.45 0.5 0.55 0.6 0.65 0.7 0.75 0.8 0.85 0.9 0.95 1.0
# YELLOWFROG_COL_B = 0.1        # range: 0.05 0.1 0.15 0.2 0.25 0.3 0.35 0.4 0.45 0.5 0.55 0.6 0.65 0.7 0.75 0.8 0.85 0.9 0.95 1.0
